 #  Results from PENEPMA. Output from photon detector #  1
 #
 #  Angular intervals : theta_1 = 5.000000E+01,  theta_2 = 6.000000E+01
 #                        phi_1 = 0.000000E+00,    phi_2 = 3.600000E+02
 #  Energy window = ( 0.00000E+00, 2.00000E+04) eV, no. of channels =  1000
 #  Channel width = 2.000000E+01 eV
 #
 #  Whole spectrum. Characteristic peaks and background.
 #  1st column: photon energy (eV).
 #  2nd column: probability density (1/(eV*sr*electron)).
 #  3rd column: statistical uncertainty (3 sigma).
 #
   1.000000E+01  1.000000E-35  1.000000E-35
   3.000000E+01  1.000000E-35  1.000000E-35
   5.000001E+01  1.000000E-35  1.000000E-35
   7.000001E+01  1.000000E-35  1.000000E-35
   9.000001E+01  3.099302E-08  4.897648E-09
   1.100000E+02  8.261095E-09  7.608920E-10
   1.300000E+02  6.459594E-09  4.085913E-10
   1.500000E+02  7.210690E-09  1.075451E-09
   1.700000E+02  6.819631E-09  6.821829E-10
   1.900000E+02  7.107478E-09  5.216555E-10
   2.100000E+02  7.112663E-09  2.754482E-10
   2.300000E+02  8.366809E-09  6.194729E-10
   2.500000E+02  9.550449E-09  7.031609E-10
   2.700000E+02  1.028203E-08  4.557738E-10
   2.900000E+02  1.184581E-08  7.856042E-10
   3.100000E+02  6.725571E-08  7.194553E-09
   3.300000E+02  1.468284E-08  8.634349E-10
   3.500000E+02  1.621051E-08  1.392693E-09
   3.700000E+02  1.441315E-08  5.019233E-10
   3.900000E+02  1.778612E-08  1.532707E-09
   4.100000E+02  2.706332E-08  3.163264E-09
   4.300000E+02  1.848872E-08  8.865655E-10
   4.500000E+02  1.879949E-08  6.298822E-10
   4.700000E+02  2.042641E-08  7.811506E-10
   4.900000E+02  2.084577E-08  5.659415E-10
   5.100001E+02  2.221531E-08  5.783960E-10
   5.300001E+02  4.969801E-06  6.837926E-08
   5.500001E+02  6.451543E-09  2.620488E-10
   5.700001E+02  7.028465E-09  4.160144E-10
   5.900001E+02  7.123080E-09  4.171607E-10
   6.100001E+02  8.627318E-09  1.126848E-09
   6.300001E+02  8.148968E-09  6.923490E-10
   6.500001E+02  8.203098E-09  2.956472E-10
   6.700001E+02  9.064820E-09  5.410572E-10
   6.900001E+02  9.424584E-09  4.455879E-10
   7.100001E+02  9.760239E-09  5.479549E-10
   7.300001E+02  1.003626E-08  3.270759E-10
   7.500001E+02  1.037569E-08  3.325023E-10
   7.700001E+02  1.099992E-08  4.639790E-10
   7.900001E+02  1.191013E-08  6.490546E-10
   8.100001E+02  1.177813E-08  4.728776E-10
   8.300001E+02  1.225711E-08  4.782493E-10
   8.500001E+02  1.257193E-08  3.658164E-10
   8.700001E+02  1.305733E-08  6.582905E-10
   8.900001E+02  1.365859E-08  4.934510E-10
   9.100001E+02  1.352163E-08  3.794734E-10
   9.300001E+02  1.406448E-08  3.870854E-10
   9.500001E+02  1.432990E-08  6.686743E-10
   9.700001E+02  1.480461E-08  5.056200E-10
   9.900001E+02  1.481667E-08  3.972268E-10
   1.010000E+03  1.502482E-08  3.998704E-10
   1.030000E+03  1.570559E-08  6.029930E-10
   1.050000E+03  1.534060E-08  4.041923E-10
   1.070000E+03  1.561262E-08  4.076836E-10
   1.090000E+03  1.620728E-08  5.202435E-10
   1.110000E+03  1.652142E-08  6.858152E-10
   1.130000E+03  1.632341E-08  4.169763E-10
   1.150000E+03  1.637190E-08  4.175924E-10
   1.170000E+03  1.663991E-08  6.111117E-10
   1.190000E+03  1.662381E-08  4.203892E-10
   1.210000E+03  1.662240E-08  5.246728E-10
   1.230000E+03  1.677756E-08  4.225322E-10
   1.250000E+03  1.388502E-07  1.074862E-08
   1.270000E+03  1.694432E-08  4.246488E-10
   1.290000E+03  1.866976E-08  1.330190E-09
   1.310000E+03  1.743045E-08  8.224130E-10
   1.330000E+03  1.697152E-08  4.251067E-10
   1.350000E+03  1.646415E-08  4.185514E-10
   1.370000E+03  1.659661E-08  4.202258E-10
   1.390000E+03  1.672175E-08  5.253881E-10
   1.410000E+03  1.652092E-08  4.195700E-10
   1.430000E+03  1.637072E-08  4.175774E-10
   1.450000E+03  1.658715E-08  4.202562E-10
   1.470000E+03  1.652565E-08  4.195698E-10
   1.490000E+03  1.527354E-06  3.775801E-08
   1.510000E+03  1.627019E-08  4.162386E-10
   1.530000E+03  1.601828E-08  4.129869E-10
   1.550000E+03  2.478506E-08  2.849392E-09
   1.570000E+03  1.497160E-08  3.991008E-10
   1.590000E+03  2.006233E-08  2.263122E-09
   1.610000E+03  1.452691E-08  3.930508E-10
   1.630000E+03  1.427382E-08  3.896851E-10
   1.650000E+03  1.677351E-08  1.560856E-09
   1.670000E+03  1.431498E-08  5.004575E-10
   1.690000E+03  1.435993E-08  5.009336E-10
   1.710000E+03  1.430907E-08  5.005206E-10
   1.730000E+03  4.705111E-06  6.652464E-08
   1.750000E+03  1.398761E-08  3.859000E-10
   1.770000E+03  1.400535E-08  3.862742E-10
   1.790000E+03  1.413167E-08  4.985107E-10
   1.810000E+03  5.316553E-08  6.097806E-09
   1.830000E+03  1.008406E-07  9.063474E-09
   1.850000E+03  1.121658E-08  3.455941E-10
   1.870000E+03  2.533274E-08  3.769448E-09
   1.890000E+03  1.048641E-08  5.549466E-10
   1.910000E+03  1.047385E-08  3.340283E-10
   1.930000E+03  1.042018E-08  5.543580E-10
   1.950000E+03  1.053230E-08  6.376080E-10
   1.970000E+03  1.018387E-08  4.544350E-10
   1.990000E+03  1.025742E-08  3.304561E-10
   2.010000E+03  1.007292E-08  3.275168E-10
   2.030000E+03  1.005400E-08  3.272484E-10
   2.050000E+03  1.122590E-08  1.095098E-09
   2.070000E+03  1.017463E-08  3.291233E-10
   2.090000E+03  1.013915E-08  3.285887E-10
   2.110000E+03  9.990134E-09  3.261333E-10
   2.130000E+03  1.066504E-08  8.948156E-10
   2.150000E+03  1.000078E-08  3.262680E-10
   2.170000E+03  9.994638E-09  4.523579E-10
   2.190000E+03  1.014270E-08  3.286460E-10
   2.210000E+03  1.008925E-08  4.533560E-10
   2.230000E+03  1.005991E-08  3.271519E-10
   2.250000E+03  9.774886E-09  3.225318E-10
   2.270000E+03  9.818645E-09  3.232125E-10
   2.290000E+03  9.705107E-09  3.213418E-10
   2.310000E+03  9.912077E-09  3.248600E-10
   2.330000E+03  9.679088E-09  3.209508E-10
   2.350000E+03  9.706290E-09  3.215571E-10
   2.370000E+03  9.592752E-09  3.196374E-10
   2.390000E+03  9.562002E-09  3.191656E-10
   2.410000E+03  9.609310E-09  3.197549E-10
   2.430000E+03  9.572647E-09  3.192638E-10
   2.450000E+03  9.478032E-09  3.176069E-10
   2.470000E+03  9.402340E-09  3.162592E-10
   2.490000E+03  9.307725E-09  3.147465E-10
   2.510000E+03  9.330196E-09  3.150855E-10
   2.530000E+03  9.183544E-09  3.125637E-10
   2.550000E+03  9.047535E-09  3.102848E-10
   2.570000E+03  9.096025E-09  3.111541E-10
   2.590000E+03  9.110217E-09  3.115175E-10
   2.610000E+03  9.048718E-09  3.103050E-10
   2.630000E+03  9.059362E-09  3.104872E-10
   2.650000E+03  8.942276E-09  3.087227E-10
   2.670000E+03  8.991949E-09  3.092912E-10
   2.690000E+03  8.881959E-09  3.073968E-10
   2.710000E+03  9.013237E-09  3.096566E-10
   2.730000E+03  8.840565E-09  3.067628E-10
   2.750000E+03  8.647788E-09  3.034068E-10
   2.770000E+03  8.741220E-09  3.051618E-10
   2.790000E+03  8.631230E-09  3.031584E-10
   2.810000E+03  8.462106E-09  3.001806E-10
   2.830000E+03  8.605211E-09  3.027853E-10
   2.850000E+03  8.442000E-09  2.997407E-10
   2.870000E+03  8.315453E-09  2.974897E-10
   2.890000E+03  8.399424E-09  2.990695E-10
   2.910000E+03  8.226752E-09  2.958592E-10
   2.930000E+03  8.261050E-09  2.964743E-10
   2.950000E+03  8.097839E-09  2.936642E-10
   2.970000E+03  8.083647E-09  2.932357E-10
   2.990000E+03  7.759592E-09  2.875242E-10
   3.010000E+03  8.097839E-09  2.936213E-10
   3.030000E+03  7.687448E-09  2.861001E-10
   3.050000E+03  8.308630E-09  6.936092E-10
   3.070000E+03  7.892052E-09  2.897441E-10
   3.090000E+03  7.791524E-09  2.881136E-10
   3.110000E+03  7.838831E-09  2.888538E-10
   3.130000E+03  7.720563E-09  2.865826E-10
   3.150000E+03  7.504132E-09  2.828537E-10
   3.170000E+03  7.495853E-09  2.825200E-10
   3.190000E+03  7.658609E-09  5.270476E-10
   3.210000E+03  7.458007E-09  2.817628E-10
   3.230000E+03  7.518324E-09  2.828978E-10
   3.250000E+03  7.274691E-09  2.784204E-10
   3.270000E+03  7.499174E-09  4.219234E-10
   3.290000E+03  7.375219E-09  2.801075E-10
   3.310000E+03  7.123307E-09  2.753793E-10
   3.330000E+03  7.136317E-09  2.754931E-10
   3.350000E+03  7.067721E-09  2.742588E-10
   3.370000E+03  7.107933E-09  2.751740E-10
   3.390000E+03  6.958914E-09  2.721889E-10
   3.410000E+03  7.055894E-09  2.739836E-10
   3.430000E+03  7.508453E-09  8.758378E-10
   3.450000E+03  9.957520E-09  1.718370E-09
   3.470000E+03  7.026327E-09  2.734097E-10
   3.490000E+03  6.865482E-09  2.703589E-10
   3.510000E+03  6.788608E-09  2.687501E-10
   3.530000E+03  6.710551E-09  2.672494E-10
   3.550000E+03  6.716464E-09  2.674611E-10
   3.570000E+03  6.610023E-09  2.652905E-10
   3.590000E+03  7.005085E-09  7.519543E-10
   3.610000E+03  7.689449E-09  1.122407E-09
   3.630000E+03  6.505946E-09  2.631498E-10
   3.650000E+03  6.401643E-09  4.078369E-10
   3.670000E+03  8.119992E-09  1.324870E-09
   3.690000E+03  3.220665E-07  1.716609E-08
   3.710000E+03  6.431210E-09  4.082220E-10
   3.730000E+03  6.407783E-09  2.611599E-10
   3.750000E+03  6.767365E-09  7.502223E-10
   3.770000E+03  6.037603E-09  2.535650E-10
   3.790000E+03  6.136949E-09  2.555894E-10
   3.810000E+03  6.198448E-09  2.570120E-10
   3.830000E+03  6.125122E-09  2.552448E-10
   3.850000E+03  6.555665E-09  7.487718E-10
   3.870000E+03  6.144045E-09  2.556877E-10
   3.890000E+03  7.078457E-09  1.028116E-09
   3.910000E+03  5.899229E-09  2.505475E-10
   3.930000E+03  5.759672E-09  2.476202E-10
   3.950000E+03  5.891906E-09  4.010769E-10
   3.970000E+03  5.815259E-09  2.487598E-10
   3.990000E+03  5.744298E-09  2.472391E-10
   4.010000E+03  4.012930E-08  5.677245E-09
   4.030000E+03  5.665058E-09  2.455297E-10
   4.050000E+03  5.582270E-09  2.437827E-10
   4.070000E+03  5.504213E-09  2.419708E-10
   4.090000E+03  5.789967E-09  5.079331E-10
   4.110000E+03  5.419059E-09  2.401978E-10
   4.130000E+03  5.585363E-09  5.057129E-10
   4.150000E+03  5.309070E-09  2.376984E-10
   4.170000E+03  5.508716E-09  3.959982E-10
   4.190000E+03  5.362291E-09  2.388329E-10
   4.210000E+03  5.311435E-09  2.377513E-10
   4.230000E+03  5.248753E-09  2.362925E-10
   4.250000E+03  5.126936E-09  2.335360E-10
   4.270000E+03  5.076081E-09  2.324839E-10
   4.290000E+03  5.128119E-09  2.335630E-10
   4.310000E+03  5.080812E-09  2.325379E-10
   4.330000E+03  5.149407E-09  2.341007E-10
   4.350000E+03  5.367522E-09  5.929980E-10
   4.370000E+03  5.076081E-09  2.324839E-10
   4.390000E+03  4.982649E-09  2.302283E-10
   4.410000E+03  4.796967E-09  2.259003E-10
   4.430000E+03  4.831265E-09  2.267615E-10
   4.450000E+03  5.038008E-09  3.896287E-10
   4.470000E+03  7.694089E-09  1.682412E-09
   4.490000E+03  4.901044E-09  2.284466E-10
   4.510000E+03  5.234834E-09  6.696099E-10
   4.530000E+03  4.723641E-09  2.242242E-10
   4.550000E+03  4.673968E-09  2.230998E-10
   4.570000E+03  4.796967E-09  2.259560E-10
   4.590000E+03  4.660959E-09  2.227331E-10
   4.610000E+03  4.599459E-09  2.212603E-10
   4.630000E+03  4.619565E-09  2.217996E-10
   4.650000E+03  4.584084E-09  2.208906E-10
   4.670000E+03  4.545056E-09  2.199492E-10
   4.690000E+03  4.407864E-09  2.165496E-10
   4.710000E+03  4.420874E-09  2.169848E-10
   4.730000E+03  4.241106E-09  2.124752E-10
   4.750000E+03  4.351096E-09  2.152683E-10
   4.770000E+03  4.476460E-09  2.183425E-10
   4.790000E+03  4.329807E-09  2.146246E-10
   4.810000E+03  4.478825E-09  2.184001E-10
   4.830000E+03  6.099012E-09  1.278891E-09
   4.850000E+03  4.304743E-09  3.794587E-10
   4.870000E+03  4.203260E-09  2.114665E-10
   4.890000E+03  4.172510E-09  2.107517E-10
   4.910000E+03  4.194981E-09  2.112583E-10
   4.930000E+03  4.399131E-09  4.930861E-10
   4.950000E+03  3.978550E-09  2.057390E-10
   4.970000E+03  4.093270E-09  2.086827E-10
   4.990000E+03  3.999838E-09  2.065324E-10
   5.010001E+03  4.080261E-09  2.083510E-10
   5.030001E+03  3.898127E-09  2.036499E-10
   5.050001E+03  3.986829E-09  2.060140E-10
   5.070001E+03  3.872108E-09  2.029695E-10
   5.090001E+03  3.944252E-09  2.048507E-10
   5.110001E+03  3.889849E-09  2.034955E-10
   5.130001E+03  3.966723E-09  2.054944E-10
   5.150001E+03  4.105825E-09  4.899390E-10
   5.170001E+03  3.792869E-09  2.009455E-10
   5.190001E+03  3.900493E-09  2.037735E-10
   5.210001E+03  3.843724E-09  2.022245E-10
   5.230001E+03  3.838993E-09  2.021001E-10
   5.250001E+03  3.693523E-09  1.982992E-10
   5.270001E+03  3.713629E-09  1.987743E-10
   5.290001E+03  3.608370E-09  1.960025E-10
   5.310001E+03  3.535043E-09  1.940029E-10
   5.330001E+03  3.732552E-09  1.993430E-10
   5.350001E+03  3.745561E-09  1.996897E-10
   5.370001E+03  3.629658E-09  1.965792E-10
   5.390001E+03  3.646216E-09  1.971543E-10
   5.410001E+03  3.559880E-09  1.948118E-10
   5.430001E+03  3.524399E-09  1.937759E-10
   5.450001E+03  3.491284E-09  1.927997E-10
   5.470001E+03  3.432150E-09  1.910959E-10
   5.490001E+03  3.452255E-09  1.917859E-10
   5.510001E+03  3.517303E-09  1.935160E-10
   5.530001E+03  3.525354E-09  3.683415E-10
   5.550001E+03  3.504294E-09  1.932234E-10
   5.570001E+03  3.394304E-09  1.901060E-10
   5.590001E+03  3.270122E-09  1.866673E-10
   5.610001E+03  3.425054E-09  1.908983E-10
   5.630001E+03  3.289045E-09  1.871384E-10
   5.650001E+03  3.287862E-09  1.870375E-10
   5.670001E+03  3.210988E-09  1.849069E-10
   5.690001E+03  3.213353E-09  1.849068E-10
   5.710001E+03  3.227545E-09  1.853146E-10
   5.730001E+03  3.175507E-09  1.838151E-10
   5.750001E+03  3.248606E-09  3.643586E-10
   5.770001E+03  3.250016E-09  1.860260E-10
   5.790001E+03  3.167229E-09  1.836440E-10
   5.810001E+03  3.086806E-09  1.812306E-10
   5.830001E+03  3.209805E-09  1.848048E-10
   5.850001E+03  2.961441E-09  1.775136E-10
   5.870001E+03  3.007566E-09  1.788902E-10
   5.890001E+03  3.000470E-09  1.787496E-10
   5.910001E+03  3.063152E-09  1.805352E-10
   5.930001E+03  2.956711E-09  1.773719E-10
   5.950001E+03  3.039499E-09  1.799070E-10
   5.970001E+03  2.972086E-09  1.779030E-10
   5.990001E+03  3.033585E-09  1.797321E-10
   6.010001E+03  2.936605E-09  1.767680E-10
   6.030001E+03  2.927144E-09  1.765544E-10
   6.050001E+03  2.963807E-09  1.775845E-10
   6.070001E+03  2.872740E-09  1.748359E-10
   6.090001E+03  2.994557E-09  1.785030E-10
   6.110001E+03  2.837260E-09  1.738257E-10
   6.130001E+03  2.805327E-09  1.728459E-10
   6.150001E+03  2.784039E-09  1.721164E-10
   6.170001E+03  2.832529E-09  1.736809E-10
   6.190001E+03  2.786404E-09  1.722626E-10
   6.210001E+03  2.737914E-09  1.706852E-10
   6.230001E+03  2.768664E-09  1.716407E-10
   6.250001E+03  2.773395E-09  1.720069E-10
   6.270001E+03  2.718991E-09  1.701685E-10
   6.290001E+03  2.772212E-09  1.717506E-10
   6.310001E+03  2.658674E-09  1.681979E-10
   6.330001E+03  2.682328E-09  1.689442E-10
   6.350001E+03  2.698886E-09  1.694646E-10
   6.370001E+03  2.622011E-09  1.670345E-10
   6.390001E+03  3.182649E-09  7.243594E-10
   6.410001E+03  3.071932E-09  5.720237E-10
   6.430001E+03  2.601905E-09  1.663930E-10
   6.450001E+03  2.652761E-09  1.680108E-10
   6.470001E+03  2.617280E-09  1.668838E-10
   6.490001E+03  2.489550E-09  1.627619E-10
   6.510001E+03  2.482454E-09  1.625298E-10
   6.530001E+03  2.565242E-09  1.652169E-10
   6.550001E+03  2.468262E-09  1.620647E-10
   6.570001E+03  2.446974E-09  1.613645E-10
   6.590001E+03  2.425685E-09  1.606612E-10
   6.610001E+03  2.348811E-09  1.580956E-10
   6.630001E+03  2.442243E-09  1.612085E-10
   6.650001E+03  2.465897E-09  1.619870E-10
   6.670001E+03  2.424503E-09  1.606221E-10
   6.690001E+03  2.366551E-09  1.587707E-10
   6.710001E+03  2.373647E-09  1.589290E-10
   6.730001E+03  2.389022E-09  1.594428E-10
   6.750001E+03  2.372465E-09  1.588895E-10
   6.770001E+03  2.339350E-09  1.578567E-10
   6.790001E+03  2.355907E-09  1.583342E-10
   6.810001E+03  2.303869E-09  1.565762E-10
   6.830001E+03  2.260110E-09  1.551637E-10
   6.850001E+03  2.268388E-09  1.553662E-10
   6.870001E+03  2.163130E-09  1.517196E-10
   6.890001E+03  2.235273E-09  1.542283E-10
   6.910001E+03  2.219898E-09  1.536971E-10
   6.930001E+03  2.180870E-09  1.524230E-10
   6.950001E+03  2.134745E-09  1.508047E-10
   6.970001E+03  2.153668E-09  1.513875E-10
   6.990001E+03  2.199793E-09  1.529997E-10
   7.010001E+03  2.275485E-09  1.556090E-10
   7.030001E+03  2.182053E-09  1.523816E-10
   7.050001E+03  2.242142E-09  3.493221E-10
   7.070001E+03  2.101630E-09  1.495479E-10
   7.090001E+03  2.119370E-09  1.501776E-10
   7.110001E+03  1.979814E-09  1.452368E-10
   7.130001E+03  2.196245E-09  1.528763E-10
   7.150001E+03  2.027121E-09  1.468736E-10
   7.170001E+03  2.081524E-09  1.488310E-10
   7.190001E+03  2.093351E-09  1.493374E-10
   7.210001E+03  1.953794E-09  1.441934E-10
   7.230001E+03  1.986910E-09  1.454099E-10
   7.250001E+03  2.030669E-09  1.470021E-10
   7.270001E+03  2.047227E-09  1.476000E-10
   7.290001E+03  2.016477E-09  1.464876E-10
   7.310001E+03  2.024756E-09  1.468737E-10
   7.330001E+03  1.962073E-09  1.445856E-10
   7.350001E+03  2.001102E-09  1.459282E-10
   7.370001E+03  2.018842E-09  1.468309E-10
   7.390001E+03  1.984544E-09  1.453234E-10
   7.410001E+03  1.868641E-09  1.410168E-10
   7.430001E+03  1.900574E-09  1.423049E-10
   7.450001E+03  1.947881E-09  1.440625E-10
   7.470001E+03  1.833161E-09  1.399421E-10
   7.490001E+03  1.854449E-09  1.404804E-10
   7.510001E+03  1.826065E-09  1.394917E-10
   7.530001E+03  1.899391E-09  1.421721E-10
   7.550001E+03  1.817786E-09  1.391756E-10
   7.570001E+03  1.862728E-09  1.407936E-10
   7.590001E+03  1.765748E-09  1.370803E-10
   7.610001E+03  1.787036E-09  1.379040E-10
   7.630001E+03  1.764565E-09  1.370344E-10
   7.650001E+03  1.703065E-09  1.346257E-10
   7.670001E+03  1.779940E-09  1.376300E-10
   7.690001E+03  1.797680E-09  1.383140E-10
   7.710001E+03  1.795315E-09  1.382230E-10
   7.730001E+03  1.757469E-09  1.367586E-10
   7.750001E+03  1.700700E-09  1.345322E-10
   7.770001E+03  1.710161E-09  1.349991E-10
   7.790001E+03  1.721988E-09  1.353714E-10
   7.810001E+03  1.695969E-09  1.343450E-10
   7.830001E+03  1.720806E-09  1.353249E-10
   7.850001E+03  1.632104E-09  1.317917E-10
   7.870001E+03  1.687690E-09  1.341106E-10
   7.890001E+03  1.559961E-09  1.289442E-10
   7.910001E+03  1.563509E-09  1.289929E-10
   7.930001E+03  1.594258E-09  1.302550E-10
   7.950001E+03  1.635652E-09  1.319348E-10
   7.970001E+03  1.634470E-09  1.319826E-10
   7.990001E+03  1.620277E-09  1.313134E-10
   8.010001E+03  1.548134E-09  1.283573E-10
   8.030001E+03  1.598989E-09  1.304481E-10
   8.050001E+03  1.569422E-09  1.292366E-10
   8.070001E+03  1.522115E-09  1.273731E-10
   8.090001E+03  1.541038E-09  1.280628E-10
   8.110001E+03  1.606085E-09  1.307372E-10
   8.130001E+03  1.571787E-09  1.293339E-10
   8.150001E+03  1.546951E-09  1.283082E-10
   8.170001E+03  1.564691E-09  1.290417E-10
   8.190001E+03  1.432231E-09  1.234598E-10
   8.210001E+03  1.503192E-09  1.264808E-10
   8.230001E+03  1.492548E-09  1.260323E-10
   8.250001E+03  1.451154E-09  1.242726E-10
   8.270001E+03  1.583614E-09  1.298195E-10
   8.290001E+03  1.453519E-09  1.243738E-10
   8.310001E+03  1.492548E-09  1.260323E-10
   8.330001E+03  1.516201E-09  1.270268E-10
   8.350001E+03  1.439327E-09  1.237652E-10
   8.370001E+03  1.480721E-09  1.255320E-10
   8.390001E+03  1.428683E-09  1.233068E-10
   8.410001E+03  1.499644E-09  1.263315E-10
   8.430001E+03  1.328154E-09  1.188902E-10
   8.450001E+03  1.361270E-09  1.203630E-10
   8.470001E+03  1.409760E-09  1.225904E-10
   8.490001E+03  1.392019E-09  1.217146E-10
   8.510001E+03  1.342347E-09  1.195236E-10
   8.530001E+03  1.375462E-09  1.209887E-10
   8.550001E+03  1.371914E-09  1.208326E-10
   8.570001E+03  1.326972E-09  1.188373E-10
   8.590001E+03  1.330520E-09  1.189960E-10
   8.610001E+03  1.360087E-09  1.203107E-10
   8.630001E+03  1.328154E-09  1.188902E-10
   8.650001E+03  1.295039E-09  1.173989E-10
   8.670001E+03  1.366000E-09  1.205719E-10
   8.690001E+03  1.326972E-09  1.188373E-10
   8.710001E+03  1.269020E-09  1.162138E-10
   8.730001E+03  1.276116E-09  1.165382E-10
   8.750001E+03  1.278482E-09  1.166461E-10
   8.770001E+03  1.285578E-09  1.169694E-10
   8.790001E+03  1.269020E-09  1.162138E-10
   8.810001E+03  1.252463E-09  1.154532E-10
   8.830001E+03  1.244184E-09  1.150711E-10
   8.850001E+03  1.195694E-09  1.128068E-10
   8.870001E+03  1.244184E-09  1.150711E-10
   8.890001E+03  1.187415E-09  1.124156E-10
   8.910001E+03  1.245367E-09  1.151258E-10
   8.930001E+03  1.277299E-09  1.165922E-10
   8.950001E+03  1.162579E-09  1.112339E-10
   8.970001E+03  1.179136E-09  1.120231E-10
   8.990001E+03  1.227626E-09  1.143030E-10
   9.010001E+03  1.143656E-09  1.103251E-10
   9.030001E+03  1.194511E-09  1.127510E-10
   9.050001E+03  1.166127E-09  1.114035E-10
   9.070001E+03  1.235905E-09  1.146877E-10
   9.090001E+03  1.220530E-09  1.139722E-10
   9.110001E+03  1.143656E-09  1.103251E-10
   9.130001E+03  1.150752E-09  1.106668E-10
   9.150001E+03  1.076243E-09  1.070245E-10
   9.170001E+03  1.070329E-09  1.067301E-10
   9.190001E+03  1.112906E-09  1.088320E-10
   9.210001E+03  1.146021E-09  1.104391E-10
   9.230001E+03  1.123550E-09  1.093511E-10
   9.250001E+03  1.040762E-09  1.052458E-10
   9.270001E+03  1.114089E-09  1.088898E-10
   9.290001E+03  1.080973E-09  1.072595E-10
   9.310001E+03  1.078608E-09  1.071421E-10
   9.330001E+03  9.922721E-10  1.027651E-10
   9.350001E+03  1.114089E-09  1.088898E-10
   9.370001E+03  1.017108E-09  1.040431E-10
   9.390001E+03  1.024205E-09  1.044054E-10
   9.410001E+03  1.036031E-09  1.050064E-10
   9.430001E+03  1.012378E-09  1.038009E-10
   9.450001E+03  9.851760E-10  1.023971E-10
   9.470001E+03  1.014743E-09  1.039221E-10
   9.490001E+03  9.721665E-10  1.017188E-10
   9.510001E+03  1.015926E-09  1.039826E-10
   9.530001E+03  1.064416E-09  1.064349E-10
   9.550001E+03  1.006464E-09  1.034973E-10
   9.570001E+03  9.780799E-10  1.020277E-10
   9.590001E+03  9.686184E-10  1.015330E-10
   9.610001E+03  9.567916E-10  1.009113E-10
   9.630001E+03  1.010012E-09  1.036796E-10
   9.650001E+03  8.846478E-10  9.703275E-11
   9.670001E+03  9.993682E-10  1.031319E-10
   9.690001E+03  9.922721E-10  1.027651E-10
   9.710001E+03  9.201284E-10  9.895926E-11
   9.730001E+03  9.402340E-10  1.000345E-10
   9.750001E+03  8.988401E-10  9.780791E-11
   9.770001E+03  9.366860E-10  9.984557E-11
   9.790001E+03  9.307725E-10  9.952994E-11
   9.810001E+03  9.000227E-10  9.787223E-11
   9.830001E+03  8.527154E-10  9.526557E-11
   9.850001E+03  8.609942E-10  9.572686E-11
   9.870001E+03  8.491673E-10  9.506719E-11
   9.890001E+03  9.047535E-10  9.812908E-11
   9.910001E+03  8.976574E-10  9.774355E-11
   9.930001E+03  8.692730E-10  9.618594E-11
   9.950001E+03  8.550807E-10  9.539760E-11
   9.970001E+03  8.716383E-10  9.631670E-11
   9.990001E+03  7.971292E-10  9.210850E-11
   1.001000E+04  8.444366E-10  9.480204E-11
   1.003000E+04  8.302444E-10  9.400208E-11
   1.005000E+04  7.805716E-10  9.114695E-11
   1.007000E+04  8.184175E-10  9.333022E-11
   1.009000E+04  7.912158E-10  9.176625E-11
   1.011000E+04  8.196002E-10  9.339762E-11
   1.013000E+04  7.722928E-10  9.066235E-11
   1.015000E+04  8.113214E-10  9.292476E-11
   1.017000E+04  8.089561E-10  9.278922E-11
   1.019000E+04  7.616487E-10  9.003546E-11
   1.021000E+04  7.604660E-10  8.996554E-11
   1.023000E+04  8.054080E-10  9.258553E-11
   1.025000E+04  8.255136E-10  9.373391E-11
   1.027000E+04  7.663794E-10  9.031462E-11
   1.029000E+04  7.722928E-10  9.066235E-11
   1.031000E+04  8.337924E-10  9.420271E-11
   1.033000E+04  7.699275E-10  9.052342E-11
   1.035000E+04  7.545526E-10  8.961510E-11
   1.037000E+04  8.054080E-10  9.258553E-11
   1.039000E+04  7.143413E-10  8.719475E-11
   1.041000E+04  7.557353E-10  8.968530E-11
   1.043000E+04  7.628314E-10  9.010533E-11
   1.045000E+04  7.119759E-10  8.705028E-11
   1.047000E+04  7.273508E-10  8.798509E-11
   1.049000E+04  7.308989E-10  8.819941E-11
   1.051000E+04  7.945364E-10  3.265316E-10
   1.053000E+04  7.190720E-10  8.748298E-11
   1.055000E+04  6.835915E-10  8.529755E-11
   1.057000E+04  7.060625E-10  8.668805E-11
   1.059000E+04  7.001491E-10  8.632430E-11
   1.061000E+04  6.966010E-10  8.610532E-11
   1.063000E+04  6.634859E-10  8.403392E-11
   1.065000E+04  6.906876E-10  8.573910E-11
   1.067000E+04  7.214374E-10  8.762673E-11
   1.069000E+04  6.563898E-10  8.358336E-11
   1.071000E+04  7.001491E-10  8.632430E-11
   1.073000E+04  6.552071E-10  8.350803E-11
   1.075000E+04  6.729474E-10  8.463092E-11
   1.077000E+04  6.563898E-10  8.358336E-11
   1.079000E+04  6.883223E-10  8.559217E-11
   1.081000E+04  6.433803E-10  8.275098E-11
   1.083000E+04  6.670339E-10  8.425829E-11
   1.085000E+04  6.362841E-10  8.229340E-11
   1.087000E+04  6.315534E-10  8.198693E-11
   1.089000E+04  6.043517E-10  8.020199E-11
   1.091000E+04  6.457456E-10  8.290294E-11
   1.093000E+04  5.806980E-10  7.861692E-11
   1.095000E+04  5.889768E-10  7.917530E-11
   1.097000E+04  6.138131E-10  8.082731E-11
   1.099000E+04  6.339188E-10  8.214031E-11
   1.101000E+04  5.440348E-10  7.609483E-11
   1.103000E+04  5.972556E-10  7.972978E-11
   1.105000E+04  6.315534E-10  8.198693E-11
   1.107000E+04  5.889768E-10  7.917530E-11
   1.109000E+04  5.605924E-10  7.724404E-11
   1.111000E+04  5.641404E-10  7.748808E-11
   1.113000E+04  5.901595E-10  7.925475E-11
   1.115000E+04  5.416694E-10  7.592923E-11
   1.117000E+04  5.653231E-10  7.756926E-11
   1.119000E+04  5.641404E-10  7.748808E-11
   1.121000E+04  5.676885E-10  7.773135E-11
   1.123000E+04  5.534962E-10  7.675363E-11
   1.125000E+04  5.440348E-10  7.609483E-11
   1.127000E+04  6.043517E-10  8.020199E-11
   1.129000E+04  5.357560E-10  7.551366E-11
   1.131000E+04  5.499482E-10  7.650724E-11
   1.133000E+04  5.333906E-10  7.534679E-11
   1.135000E+04  5.191984E-10  7.433770E-11
   1.137000E+04  5.404867E-10  7.584630E-11
   1.139000E+04  5.085542E-10  7.357179E-11
   1.141000E+04  5.180157E-10  7.425299E-11
   1.143000E+04  5.180157E-10  7.425299E-11
   1.145000E+04  5.002755E-10  7.297053E-11
   1.147000E+04  4.931793E-10  7.245119E-11
   1.149000E+04  4.967274E-10  7.271133E-11
   1.151000E+04  4.789871E-10  7.140118E-11
   1.153000E+04  4.990928E-10  7.288423E-11
   1.155000E+04  4.695257E-10  7.069250E-11
   1.157000E+04  4.494200E-10  6.916246E-11
   1.159000E+04  5.026408E-10  7.314283E-11
   1.161000E+04  5.191984E-10  7.433770E-11
   1.163000E+04  4.671603E-10  7.051422E-11
   1.165000E+04  5.050062E-10  7.331471E-11
   1.167000E+04  4.080261E-10  6.590058E-11
   1.169000E+04  4.908140E-10  7.227725E-11
   1.171000E+04  4.186702E-10  6.675458E-11
   1.173000E+04  4.364105E-10  6.815412E-11
   1.175000E+04  4.707083E-10  7.078148E-11
   1.177000E+04  4.021127E-10  6.542132E-11
   1.179000E+04  4.494200E-10  6.916246E-11
   1.181000E+04  3.938339E-10  6.474439E-11
   1.183000E+04  4.056607E-10  6.570929E-11
   1.185000E+04  4.103914E-10  6.609131E-11
   1.187000E+04  4.151222E-10  6.647113E-11
   1.189000E+04  4.056607E-10  6.570929E-11
   1.191000E+04  4.103914E-10  6.609131E-11
   1.193000E+04  4.092088E-10  6.599601E-11
   1.195000E+04  3.938339E-10  6.474439E-11
   1.197000E+04  3.737282E-10  6.307018E-11
   1.199000E+04  3.926512E-10  6.464711E-11
   1.201000E+04  3.760936E-10  6.326945E-11
   1.203000E+04  3.891031E-10  6.435438E-11
   1.205000E+04  3.820070E-10  6.376489E-11
   1.207000E+04  3.855551E-10  6.406031E-11
   1.209000E+04  3.902858E-10  6.445210E-11
   1.211000E+04  3.512572E-10  6.114478E-11
   1.213000E+04  3.678148E-10  6.256924E-11
   1.215000E+04  3.914685E-10  6.454968E-11
   1.217000E+04  3.950166E-10  6.484153E-11
   1.219000E+04  3.867378E-10  6.415849E-11
   1.221000E+04  3.429784E-10  6.041995E-11
   1.223000E+04  3.417958E-10  6.031569E-11
   1.225000E+04  3.477092E-10  6.083519E-11
   1.227000E+04  3.323343E-10  5.947504E-11
   1.229000E+04  3.583533E-10  6.175929E-11
   1.231000E+04  3.228728E-10  5.862234E-11
   1.233000E+04  3.441611E-10  6.052403E-11
   1.235000E+04  3.654494E-10  6.236774E-11
   1.237000E+04  3.358823E-10  5.979167E-11
   1.239000E+04  3.394304E-10  6.010663E-11
   1.241000E+04  3.548053E-10  6.145280E-11
   1.243000E+04  3.346997E-10  5.968632E-11
   1.245000E+04  3.299689E-10  5.926302E-11
   1.247000E+04  3.205074E-10  5.840722E-11
   1.249000E+04  3.193248E-10  5.829937E-11
   1.251000E+04  3.240555E-10  5.872961E-11
   1.253000E+04  3.453438E-10  6.062793E-11
   1.255000E+04  2.755654E-10  5.415780E-11
   1.257000E+04  2.897577E-10  5.553487E-11
   1.259000E+04  3.027672E-10  5.676784E-11
   1.261000E+04  3.169594E-10  5.808305E-11
   1.263000E+04  2.933057E-10  5.587383E-11
   1.265000E+04  2.944884E-10  5.598636E-11
   1.267000E+04  3.181421E-10  5.819131E-11
   1.269000E+04  2.980364E-10  5.632261E-11
   1.271000E+04  2.885750E-10  5.542142E-11
   1.273000E+04  2.672866E-10  5.333809E-11
   1.275000E+04  2.578252E-10  5.238558E-11
   1.277000E+04  2.755654E-10  5.415780E-11
   1.279000E+04  2.696520E-10  5.357358E-11
   1.281000E+04  2.684693E-10  5.345596E-11
   1.283000E+04  2.530944E-10  5.190277E-11
   1.285000E+04  2.649213E-10  5.310157E-11
   1.287000E+04  2.471810E-10  5.129286E-11
   1.289000E+04  2.637386E-10  5.298291E-11
   1.291000E+04  2.720174E-10  5.380803E-11
   1.293000E+04  2.530944E-10  5.190277E-11
   1.295000E+04  2.530944E-10  5.190277E-11
   1.297000E+04  2.578252E-10  5.238558E-11
   1.299000E+04  2.554598E-10  5.214473E-11
   1.301000E+04  2.235273E-10  4.877702E-11
   1.303000E+04  1.797680E-10  4.374287E-11
   1.305000E+04  2.459983E-10  5.117001E-11
   1.307000E+04  1.951429E-10  4.557504E-11
   1.309000E+04  2.081524E-10  4.706967E-11
   1.311000E+04  2.365369E-10  5.017635E-11
   1.313000E+04  2.105178E-10  4.733634E-11
   1.315000E+04  2.022390E-10  4.639626E-11
   1.317000E+04  2.377195E-10  5.030163E-11
   1.319000E+04  2.318061E-10  4.967206E-11
   1.321000E+04  1.904122E-10  4.501924E-11
   1.323000E+04  1.963256E-10  4.571294E-11
   1.325000E+04  1.975083E-10  4.585042E-11
   1.327000E+04  2.022390E-10  4.639626E-11
   1.329000E+04  2.105178E-10  4.733634E-11
   1.331000E+04  1.892295E-10  4.487921E-11
   1.333000E+04  1.998736E-10  4.612415E-11
   1.335000E+04  1.774026E-10  4.345414E-11
   1.337000E+04  2.010563E-10  4.626040E-11
   1.339000E+04  1.703065E-10  4.257621E-11
   1.341000E+04  1.785853E-10  4.359875E-11
   1.343000E+04  1.774026E-10  4.345414E-11
   1.345000E+04  1.584797E-10  4.107130E-11
   1.347000E+04  1.975083E-10  4.585042E-11
   1.349000E+04  1.762200E-10  4.330906E-11
   1.351000E+04  1.785853E-10  4.359875E-11
   1.353000E+04  1.643931E-10  4.183052E-11
   1.355000E+04  1.632104E-10  4.167978E-11
   1.357000E+04  1.549316E-10  4.060895E-11
   1.359000E+04  1.868641E-10  4.459784E-11
   1.361000E+04  1.442875E-10  3.918919E-11
   1.363000E+04  1.502009E-10  3.998417E-11
   1.365000E+04  1.442875E-10  3.918919E-11
   1.367000E+04  1.478355E-10  3.966809E-11
   1.369000E+04  1.691239E-10  4.242812E-11
   1.371000E+04  1.442875E-10  3.918919E-11
   1.373000E+04  1.348260E-10  3.788254E-11
   1.375000E+04  1.454702E-10  3.934947E-11
   1.377000E+04  1.442875E-10  3.918919E-11
   1.379000E+04  1.395567E-10  3.854140E-11
   1.381000E+04  1.502009E-10  3.998417E-11
   1.383000E+04  1.490182E-10  3.982645E-11
   1.385000E+04  1.111723E-10  3.439942E-11
   1.387000E+04  1.159031E-10  3.512369E-11
   1.389000E+04  1.099896E-10  3.421596E-11
   1.391000E+04  1.147204E-10  3.494403E-11
   1.393000E+04  1.159031E-10  3.512369E-11
   1.395000E+04  1.088070E-10  3.403151E-11
   1.397000E+04  9.579743E-11  3.193230E-11
   1.399000E+04  1.182684E-10  3.548028E-11
   1.401000E+04  1.135377E-10  3.476344E-11
   1.403000E+04  1.123550E-10  3.458191E-11
   1.405000E+04  8.870132E-11  3.072688E-11
   1.407000E+04  9.816280E-11  3.232411E-11
   1.409000E+04  8.042253E-11  2.925786E-11
   1.411000E+04  8.988401E-11  3.093104E-11
   1.413000E+04  8.515327E-11  3.010608E-11
   1.415000E+04  8.160522E-11  2.947220E-11
   1.417000E+04  1.017108E-10  3.290309E-11
   1.419000E+04  1.005282E-10  3.271124E-11
   1.421000E+04  8.870132E-11  3.072688E-11
   1.423000E+04  8.278790E-11  2.968500E-11
   1.425000E+04  8.042253E-11  2.925786E-11
   1.427000E+04  8.160522E-11  2.947220E-11
   1.429000E+04  6.386495E-11  2.607266E-11
   1.431000E+04  7.332643E-11  2.793728E-11
   1.433000E+04  5.440348E-11  2.406399E-11
   1.435000E+04  7.214374E-11  2.771106E-11
   1.437000E+04  5.322079E-11  2.380099E-11
   1.439000E+04  6.504764E-11  2.631296E-11
   1.441000E+04  6.977837E-11  2.725300E-11
   1.443000E+04  4.730737E-11  2.243979E-11
   1.445000E+04  3.784590E-11  2.007077E-11
   1.447000E+04  4.730737E-11  2.243979E-11
   1.449000E+04  5.558616E-11  2.432415E-11
   1.451000E+04  5.322079E-11  2.380099E-11
   1.453000E+04  6.504764E-11  2.631296E-11
   1.455000E+04  5.203811E-11  2.353505E-11
   1.457000E+04  5.913421E-11  2.508844E-11
   1.459000E+04  5.558616E-11  2.432415E-11
   1.461000E+04  4.967274E-11  2.299394E-11
   1.463000E+04  3.074979E-11  1.809156E-11
   1.465000E+04  3.548053E-11  1.943345E-11
   1.467000E+04  2.838442E-11  1.738181E-11
   1.469000E+04  3.311516E-11  1.877449E-11
   1.471000E+04  3.548053E-11  1.943345E-11
   1.473000E+04  3.429784E-11  1.910681E-11
   1.475000E+04  3.902858E-11  2.038197E-11
   1.477000E+04  2.956711E-11  1.774023E-11
   1.479000E+04  2.601905E-11  1.664182E-11
   1.481000E+04  2.010563E-11  1.462898E-11
   1.483000E+04  2.128832E-11  1.505309E-11
   1.485000E+04  1.182684E-11  1.121992E-11
   1.487000E+04  1.537490E-11  1.279268E-11
   1.489000E+04  1.182684E-11  1.121992E-11
   1.491000E+04  1.774026E-11  1.374154E-11
   1.493000E+04  1.655758E-11  1.327559E-11
   1.495000E+04  7.096106E-12  8.690915E-12
   1.497000E+04  9.461474E-12  1.003540E-11
   1.499000E+04  7.096106E-12  8.690915E-12
   1.501000E+04  1.000000E-35  1.000000E-35
   1.503000E+04  1.000000E-35  1.000000E-35
   1.505000E+04  1.000000E-35  1.000000E-35
   1.507000E+04  1.000000E-35  1.000000E-35
   1.509000E+04  1.000000E-35  1.000000E-35
   1.511000E+04  1.000000E-35  1.000000E-35
   1.513000E+04  1.000000E-35  1.000000E-35
   1.515000E+04  1.000000E-35  1.000000E-35
   1.517000E+04  1.000000E-35  1.000000E-35
   1.519000E+04  1.000000E-35  1.000000E-35
   1.521000E+04  1.000000E-35  1.000000E-35
   1.523000E+04  1.000000E-35  1.000000E-35
   1.525000E+04  1.000000E-35  1.000000E-35
   1.527000E+04  1.000000E-35  1.000000E-35
   1.529000E+04  1.000000E-35  1.000000E-35
   1.531000E+04  1.000000E-35  1.000000E-35
   1.533000E+04  1.000000E-35  1.000000E-35
   1.535000E+04  1.000000E-35  1.000000E-35
   1.537000E+04  1.000000E-35  1.000000E-35
   1.539000E+04  1.000000E-35  1.000000E-35
   1.541000E+04  1.000000E-35  1.000000E-35
   1.543000E+04  1.000000E-35  1.000000E-35
   1.545000E+04  1.000000E-35  1.000000E-35
   1.547000E+04  1.000000E-35  1.000000E-35
   1.549000E+04  1.000000E-35  1.000000E-35
   1.551000E+04  1.000000E-35  1.000000E-35
   1.553000E+04  1.000000E-35  1.000000E-35
   1.555000E+04  1.000000E-35  1.000000E-35
   1.557000E+04  1.000000E-35  1.000000E-35
   1.559000E+04  1.000000E-35  1.000000E-35
   1.561000E+04  1.000000E-35  1.000000E-35
   1.563000E+04  1.000000E-35  1.000000E-35
   1.565000E+04  1.000000E-35  1.000000E-35
   1.567000E+04  1.000000E-35  1.000000E-35
   1.569000E+04  1.000000E-35  1.000000E-35
   1.571000E+04  1.000000E-35  1.000000E-35
   1.573000E+04  1.000000E-35  1.000000E-35
   1.575000E+04  1.000000E-35  1.000000E-35
   1.577000E+04  1.000000E-35  1.000000E-35
   1.579000E+04  1.000000E-35  1.000000E-35
   1.581000E+04  1.000000E-35  1.000000E-35
   1.583000E+04  1.000000E-35  1.000000E-35
   1.585000E+04  1.000000E-35  1.000000E-35
   1.587000E+04  1.000000E-35  1.000000E-35
   1.589000E+04  1.000000E-35  1.000000E-35
   1.591000E+04  1.000000E-35  1.000000E-35
   1.593000E+04  1.000000E-35  1.000000E-35
   1.595000E+04  1.000000E-35  1.000000E-35
   1.597000E+04  1.000000E-35  1.000000E-35
   1.599000E+04  1.000000E-35  1.000000E-35
   1.601000E+04  1.000000E-35  1.000000E-35
   1.603000E+04  1.000000E-35  1.000000E-35
   1.605000E+04  1.000000E-35  1.000000E-35
   1.607000E+04  1.000000E-35  1.000000E-35
   1.609000E+04  1.000000E-35  1.000000E-35
   1.611000E+04  1.000000E-35  1.000000E-35
   1.613000E+04  1.000000E-35  1.000000E-35
   1.615000E+04  1.000000E-35  1.000000E-35
   1.617000E+04  1.000000E-35  1.000000E-35
   1.619000E+04  1.000000E-35  1.000000E-35
   1.621000E+04  1.000000E-35  1.000000E-35
   1.623000E+04  1.000000E-35  1.000000E-35
   1.625000E+04  1.000000E-35  1.000000E-35
   1.627000E+04  1.000000E-35  1.000000E-35
   1.629000E+04  1.000000E-35  1.000000E-35
   1.631000E+04  1.000000E-35  1.000000E-35
   1.633000E+04  1.000000E-35  1.000000E-35
   1.635000E+04  1.000000E-35  1.000000E-35
   1.637000E+04  1.000000E-35  1.000000E-35
   1.639000E+04  1.000000E-35  1.000000E-35
   1.641000E+04  1.000000E-35  1.000000E-35
   1.643000E+04  1.000000E-35  1.000000E-35
   1.645000E+04  1.000000E-35  1.000000E-35
   1.647000E+04  1.000000E-35  1.000000E-35
   1.649000E+04  1.000000E-35  1.000000E-35
   1.651000E+04  1.000000E-35  1.000000E-35
   1.653000E+04  1.000000E-35  1.000000E-35
   1.655000E+04  1.000000E-35  1.000000E-35
   1.657000E+04  1.000000E-35  1.000000E-35
   1.659000E+04  1.000000E-35  1.000000E-35
   1.661000E+04  1.000000E-35  1.000000E-35
   1.663000E+04  1.000000E-35  1.000000E-35
   1.665000E+04  1.000000E-35  1.000000E-35
   1.667000E+04  1.000000E-35  1.000000E-35
   1.669000E+04  1.000000E-35  1.000000E-35
   1.671000E+04  1.000000E-35  1.000000E-35
   1.673000E+04  1.000000E-35  1.000000E-35
   1.675000E+04  1.000000E-35  1.000000E-35
   1.677000E+04  1.000000E-35  1.000000E-35
   1.679000E+04  1.000000E-35  1.000000E-35
   1.681000E+04  1.000000E-35  1.000000E-35
   1.683000E+04  1.000000E-35  1.000000E-35
   1.685000E+04  1.000000E-35  1.000000E-35
   1.687000E+04  1.000000E-35  1.000000E-35
   1.689000E+04  1.000000E-35  1.000000E-35
   1.691000E+04  1.000000E-35  1.000000E-35
   1.693000E+04  1.000000E-35  1.000000E-35
   1.695000E+04  1.000000E-35  1.000000E-35
   1.697000E+04  1.000000E-35  1.000000E-35
   1.699000E+04  1.000000E-35  1.000000E-35
   1.701000E+04  1.000000E-35  1.000000E-35
   1.703000E+04  1.000000E-35  1.000000E-35
   1.705000E+04  1.000000E-35  1.000000E-35
   1.707000E+04  1.000000E-35  1.000000E-35
   1.709000E+04  1.000000E-35  1.000000E-35
   1.711000E+04  1.000000E-35  1.000000E-35
   1.713000E+04  1.000000E-35  1.000000E-35
   1.715000E+04  1.000000E-35  1.000000E-35
   1.717000E+04  1.000000E-35  1.000000E-35
   1.719000E+04  1.000000E-35  1.000000E-35
   1.721000E+04  1.000000E-35  1.000000E-35
   1.723000E+04  1.000000E-35  1.000000E-35
   1.725000E+04  1.000000E-35  1.000000E-35
   1.727000E+04  1.000000E-35  1.000000E-35
   1.729000E+04  1.000000E-35  1.000000E-35
   1.731000E+04  1.000000E-35  1.000000E-35
   1.733000E+04  1.000000E-35  1.000000E-35
   1.735000E+04  1.000000E-35  1.000000E-35
   1.737000E+04  1.000000E-35  1.000000E-35
   1.739000E+04  1.000000E-35  1.000000E-35
   1.741000E+04  1.000000E-35  1.000000E-35
   1.743000E+04  1.000000E-35  1.000000E-35
   1.745000E+04  1.000000E-35  1.000000E-35
   1.747000E+04  1.000000E-35  1.000000E-35
   1.749000E+04  1.000000E-35  1.000000E-35
   1.751000E+04  1.000000E-35  1.000000E-35
   1.753000E+04  1.000000E-35  1.000000E-35
   1.755000E+04  1.000000E-35  1.000000E-35
   1.757000E+04  1.000000E-35  1.000000E-35
   1.759000E+04  1.000000E-35  1.000000E-35
   1.761000E+04  1.000000E-35  1.000000E-35
   1.763000E+04  1.000000E-35  1.000000E-35
   1.765000E+04  1.000000E-35  1.000000E-35
   1.767000E+04  1.000000E-35  1.000000E-35
   1.769000E+04  1.000000E-35  1.000000E-35
   1.771000E+04  1.000000E-35  1.000000E-35
   1.773000E+04  1.000000E-35  1.000000E-35
   1.775000E+04  1.000000E-35  1.000000E-35
   1.777000E+04  1.000000E-35  1.000000E-35
   1.779000E+04  1.000000E-35  1.000000E-35
   1.781000E+04  1.000000E-35  1.000000E-35
   1.783000E+04  1.000000E-35  1.000000E-35
   1.785000E+04  1.000000E-35  1.000000E-35
   1.787000E+04  1.000000E-35  1.000000E-35
   1.789000E+04  1.000000E-35  1.000000E-35
   1.791000E+04  1.000000E-35  1.000000E-35
   1.793000E+04  1.000000E-35  1.000000E-35
   1.795000E+04  1.000000E-35  1.000000E-35
   1.797000E+04  1.000000E-35  1.000000E-35
   1.799000E+04  1.000000E-35  1.000000E-35
   1.801000E+04  1.000000E-35  1.000000E-35
   1.803000E+04  1.000000E-35  1.000000E-35
   1.805000E+04  1.000000E-35  1.000000E-35
   1.807000E+04  1.000000E-35  1.000000E-35
   1.809000E+04  1.000000E-35  1.000000E-35
   1.811000E+04  1.000000E-35  1.000000E-35
   1.813000E+04  1.000000E-35  1.000000E-35
   1.815000E+04  1.000000E-35  1.000000E-35
   1.817000E+04  1.000000E-35  1.000000E-35
   1.819000E+04  1.000000E-35  1.000000E-35
   1.821000E+04  1.000000E-35  1.000000E-35
   1.823000E+04  1.000000E-35  1.000000E-35
   1.825000E+04  1.000000E-35  1.000000E-35
   1.827000E+04  1.000000E-35  1.000000E-35
   1.829000E+04  1.000000E-35  1.000000E-35
   1.831000E+04  1.000000E-35  1.000000E-35
   1.833000E+04  1.000000E-35  1.000000E-35
   1.835000E+04  1.000000E-35  1.000000E-35
   1.837000E+04  1.000000E-35  1.000000E-35
   1.839000E+04  1.000000E-35  1.000000E-35
   1.841000E+04  1.000000E-35  1.000000E-35
   1.843000E+04  1.000000E-35  1.000000E-35
   1.845000E+04  1.000000E-35  1.000000E-35
   1.847000E+04  1.000000E-35  1.000000E-35
   1.849000E+04  1.000000E-35  1.000000E-35
   1.851000E+04  1.000000E-35  1.000000E-35
   1.853000E+04  1.000000E-35  1.000000E-35
   1.855000E+04  1.000000E-35  1.000000E-35
   1.857000E+04  1.000000E-35  1.000000E-35
   1.859000E+04  1.000000E-35  1.000000E-35
   1.861000E+04  1.000000E-35  1.000000E-35
   1.863000E+04  1.000000E-35  1.000000E-35
   1.865000E+04  1.000000E-35  1.000000E-35
   1.867000E+04  1.000000E-35  1.000000E-35
   1.869000E+04  1.000000E-35  1.000000E-35
   1.871000E+04  1.000000E-35  1.000000E-35
   1.873000E+04  1.000000E-35  1.000000E-35
   1.875000E+04  1.000000E-35  1.000000E-35
   1.877000E+04  1.000000E-35  1.000000E-35
   1.879000E+04  1.000000E-35  1.000000E-35
   1.881000E+04  1.000000E-35  1.000000E-35
   1.883000E+04  1.000000E-35  1.000000E-35
   1.885000E+04  1.000000E-35  1.000000E-35
   1.887000E+04  1.000000E-35  1.000000E-35
   1.889000E+04  1.000000E-35  1.000000E-35
   1.891000E+04  1.000000E-35  1.000000E-35
   1.893000E+04  1.000000E-35  1.000000E-35
   1.895000E+04  1.000000E-35  1.000000E-35
   1.897000E+04  1.000000E-35  1.000000E-35
   1.899000E+04  1.000000E-35  1.000000E-35
   1.901000E+04  1.000000E-35  1.000000E-35
   1.903000E+04  1.000000E-35  1.000000E-35
   1.905000E+04  1.000000E-35  1.000000E-35
   1.907000E+04  1.000000E-35  1.000000E-35
   1.909000E+04  1.000000E-35  1.000000E-35
   1.911000E+04  1.000000E-35  1.000000E-35
   1.913000E+04  1.000000E-35  1.000000E-35
   1.915000E+04  1.000000E-35  1.000000E-35
   1.917000E+04  1.000000E-35  1.000000E-35
   1.919000E+04  1.000000E-35  1.000000E-35
   1.921000E+04  1.000000E-35  1.000000E-35
   1.923000E+04  1.000000E-35  1.000000E-35
   1.925000E+04  1.000000E-35  1.000000E-35
   1.927000E+04  1.000000E-35  1.000000E-35
   1.929000E+04  1.000000E-35  1.000000E-35
   1.931000E+04  1.000000E-35  1.000000E-35
   1.933000E+04  1.000000E-35  1.000000E-35
   1.935000E+04  1.000000E-35  1.000000E-35
   1.937000E+04  1.000000E-35  1.000000E-35
   1.939000E+04  1.000000E-35  1.000000E-35
   1.941000E+04  1.000000E-35  1.000000E-35
   1.943000E+04  1.000000E-35  1.000000E-35
   1.945000E+04  1.000000E-35  1.000000E-35
   1.947000E+04  1.000000E-35  1.000000E-35
   1.949000E+04  1.000000E-35  1.000000E-35
   1.951000E+04  1.000000E-35  1.000000E-35
   1.953000E+04  1.000000E-35  1.000000E-35
   1.955000E+04  1.000000E-35  1.000000E-35
   1.957000E+04  1.000000E-35  1.000000E-35
   1.959000E+04  1.000000E-35  1.000000E-35
   1.961000E+04  1.000000E-35  1.000000E-35
   1.963000E+04  1.000000E-35  1.000000E-35
   1.965000E+04  1.000000E-35  1.000000E-35
   1.967000E+04  1.000000E-35  1.000000E-35
   1.969000E+04  1.000000E-35  1.000000E-35
   1.971000E+04  1.000000E-35  1.000000E-35
   1.973000E+04  1.000000E-35  1.000000E-35
   1.975000E+04  1.000000E-35  1.000000E-35
   1.977000E+04  1.000000E-35  1.000000E-35
   1.979000E+04  1.000000E-35  1.000000E-35
   1.981000E+04  1.000000E-35  1.000000E-35
   1.983000E+04  1.000000E-35  1.000000E-35
   1.985000E+04  1.000000E-35  1.000000E-35
   1.987000E+04  1.000000E-35  1.000000E-35
   1.989000E+04  1.000000E-35  1.000000E-35
   1.991000E+04  1.000000E-35  1.000000E-35
   1.993000E+04  1.000000E-35  1.000000E-35
   1.995000E+04  1.000000E-35  1.000000E-35
   1.997000E+04  1.000000E-35  1.000000E-35
   1.999000E+04  1.000000E-35  1.000000E-35
