 #  Results from PENEPMA.
 #  Angular distribution of emerging photons.
 #  1st and 2nd columns: THETA and PHI (deg).
 #  3rd and 4th columns: probability density and STU (1/sr)

   2.000000E+00  6.000001E+00  3.178808E-04  2.355465E-04
   2.000000E+00  1.800000E+01  3.012991E-04  2.241615E-04
   2.000000E+00  3.000000E+01  4.545814E-04  2.934887E-04
   2.000000E+00  4.200000E+01  2.862223E-04  2.124002E-04
   2.000000E+00  5.400001E+01  2.964802E-04  2.224105E-04
   2.000000E+00  6.600001E+01  3.031170E-04  2.337447E-04
   2.000000E+00  7.800001E+01  4.085642E-04  2.723907E-04
   2.000000E+00  9.000001E+01  2.590432E-04  1.977073E-04
   2.000000E+00  1.020000E+02  3.368681E-04  2.463145E-04
   2.000000E+00  1.140000E+02  4.562116E-04  2.995000E-04
   2.000000E+00  1.260000E+02  3.179080E-04  2.354420E-04
   2.000000E+00  1.380000E+02  2.929530E-04  2.223963E-04
   2.000000E+00  1.500000E+02  3.608752E-04  2.580553E-04
   2.000000E+00  1.620000E+02  2.365321E-04  1.918472E-04
   2.000000E+00  1.740000E+02  5.082052E-04  3.131076E-04
   2.000000E+00  1.860000E+02  3.477405E-04  2.478139E-04
   2.000000E+00  1.980000E+02  3.426748E-04  2.464823E-04
   2.000000E+00  2.100000E+02  3.234218E-04  2.276634E-04
   2.000000E+00  2.220000E+02  3.244153E-04  2.277725E-04
   2.000000E+00  2.340000E+02  3.117492E-04  2.338750E-04
   2.000000E+00  2.460000E+02  2.471512E-04  1.842827E-04
   2.000000E+00  2.580000E+02  3.030918E-04  2.321880E-04
   2.000000E+00  2.700000E+02  4.043377E-04  2.789298E-04
   2.000000E+00  2.820000E+02  5.102623E-04  3.188270E-04
   2.000000E+00  2.940000E+02  3.547946E-04  2.494931E-04
   2.000000E+00  3.060000E+02  4.244448E-04  2.751749E-04
   2.000000E+00  3.180000E+02  4.053997E-04  2.722930E-04
   2.000000E+00  3.300000E+02  4.370287E-04  2.844303E-04
   2.000000E+00  3.420000E+02  4.080929E-04  2.724795E-04
   2.000000E+00  3.540000E+02  2.828715E-04  2.223649E-04
    
   6.000001E+00  6.000001E+00  3.852972E-04  1.542342E-04
   6.000001E+00  1.800000E+01  3.466975E-04  1.436445E-04
   6.000001E+00  3.000000E+01  3.757656E-04  1.520229E-04
   6.000001E+00  4.200000E+01  3.491175E-04  1.453027E-04
   6.000001E+00  5.400001E+01  3.669119E-04  1.501043E-04
   6.000001E+00  6.600001E+01  3.707948E-04  1.517487E-04
   6.000001E+00  7.800001E+01  3.712339E-04  1.504265E-04
   6.000001E+00  9.000001E+01  3.672094E-04  1.514403E-04
   6.000001E+00  1.020000E+02  2.807687E-04  1.256434E-04
   6.000001E+00  1.140000E+02  2.905564E-04  1.267107E-04
   6.000001E+00  1.260000E+02  3.762570E-04  1.520599E-04
   6.000001E+00  1.380000E+02  2.897002E-04  1.282660E-04
   6.000001E+00  1.500000E+02  3.390239E-04  1.415760E-04
   6.000001E+00  1.620000E+02  3.218643E-04  1.335148E-04
   6.000001E+00  1.740000E+02  4.589720E-04  1.734488E-04
   6.000001E+00  1.860000E+02  3.950380E-04  1.534850E-04
   6.000001E+00  1.980000E+02  4.083964E-04  1.587737E-04
   6.000001E+00  2.100000E+02  3.548912E-04  1.473160E-04
   6.000001E+00  2.220000E+02  3.625954E-04  1.495389E-04
   6.000001E+00  2.340000E+02  3.161751E-04  1.325297E-04
   6.000001E+00  2.460000E+02  3.463191E-04  1.436248E-04
   6.000001E+00  2.580000E+02  3.563209E-04  1.459456E-04
   6.000001E+00  2.700000E+02  3.278275E-04  1.368226E-04
   6.000001E+00  2.820000E+02  4.143781E-04  1.623324E-04
   6.000001E+00  2.940000E+02  3.562822E-04  1.459084E-04
   6.000001E+00  3.060000E+02  3.910699E-04  1.532063E-04
   6.000001E+00  3.180000E+02  3.407417E-04  1.416176E-04
   6.000001E+00  3.300000E+02  4.102784E-04  1.580520E-04
   6.000001E+00  3.420000E+02  2.950429E-04  1.289485E-04
   6.000001E+00  3.540000E+02  3.074986E-04  1.330540E-04
    
   1.000000E+01  6.000001E+00  3.371066E-04  1.096056E-04
   1.000000E+01  1.800000E+01  3.599654E-04  1.145732E-04
   1.000000E+01  3.000000E+01  3.736387E-04  1.178119E-04
   1.000000E+01  4.200000E+01  3.537378E-04  1.124885E-04
   1.000000E+01  5.400001E+01  3.944322E-04  1.215976E-04
   1.000000E+01  6.600001E+01  3.547968E-04  1.120923E-04
   1.000000E+01  7.800001E+01  4.228335E-04  1.266034E-04
   1.000000E+01  9.000001E+01  2.576674E-04  9.048377E-05
   1.000000E+01  1.020000E+02  3.630095E-04  1.153477E-04
   1.000000E+01  1.140000E+02  3.545876E-04  1.128617E-04
   1.000000E+01  1.260000E+02  3.535491E-04  1.120817E-04
   1.000000E+01  1.380000E+02  3.177072E-04  1.056750E-04
   1.000000E+01  1.500000E+02  3.814897E-04  1.179625E-04
   1.000000E+01  1.620000E+02  3.247174E-04  1.084408E-04
   1.000000E+01  1.740000E+02  2.719061E-04  9.592450E-05
   1.000000E+01  1.860000E+02  3.796636E-04  1.173572E-04
   1.000000E+01  1.980000E+02  4.055059E-04  1.222529E-04
   1.000000E+01  2.100000E+02  3.747810E-04  1.175893E-04
   1.000000E+01  2.220000E+02  3.302361E-04  1.080911E-04
   1.000000E+01  2.340000E+02  3.339633E-04  1.098380E-04
   1.000000E+01  2.460000E+02  3.365839E-04  1.093248E-04
   1.000000E+01  2.580000E+02  3.698465E-04  1.147733E-04
   1.000000E+01  2.700000E+02  3.175796E-04  1.035647E-04
   1.000000E+01  2.820000E+02  4.128318E-04  1.237372E-04
   1.000000E+01  2.940000E+02  3.557876E-04  1.143029E-04
   1.000000E+01  3.060000E+02  3.531475E-04  1.140169E-04
   1.000000E+01  3.180000E+02  3.688365E-04  1.157610E-04
   1.000000E+01  3.300000E+02  3.903804E-04  1.192482E-04
   1.000000E+01  3.420000E+02  3.671799E-04  1.163872E-04
   1.000000E+01  3.540000E+02  3.684273E-04  1.156166E-04
    
   1.400000E+01  6.000001E+00  3.306300E-04  9.141832E-05
   1.400000E+01  1.800000E+01  3.833737E-04  1.010230E-04
   1.400000E+01  3.000000E+01  3.288681E-04  9.193625E-05
   1.400000E+01  4.200000E+01  3.109408E-04  8.795781E-05
   1.400000E+01  5.400001E+01  3.430877E-04  9.449433E-05
   1.400000E+01  6.600001E+01  3.499785E-04  9.580014E-05
   1.400000E+01  7.800001E+01  3.284707E-04  9.125041E-05
   1.400000E+01  9.000001E+01  3.726041E-04  9.832023E-05
   1.400000E+01  1.020000E+02  3.219114E-04  9.004697E-05
   1.400000E+01  1.140000E+02  3.094144E-04  8.733743E-05
   1.400000E+01  1.260000E+02  3.557739E-04  9.637347E-05
   1.400000E+01  1.380000E+02  3.279473E-04  9.223915E-05
   1.400000E+01  1.500000E+02  3.576723E-04  9.631213E-05
   1.400000E+01  1.620000E+02  4.032177E-04  1.052787E-04
   1.400000E+01  1.740000E+02  3.279400E-04  9.158365E-05
   1.400000E+01  1.860000E+02  3.200585E-04  9.087296E-05
   1.400000E+01  1.980000E+02  3.679149E-04  9.806638E-05
   1.400000E+01  2.100000E+02  3.165752E-04  8.909507E-05
   1.400000E+01  2.220000E+02  4.323581E-04  1.090706E-04
   1.400000E+01  2.340000E+02  3.981640E-04  1.037419E-04
   1.400000E+01  2.460000E+02  3.714092E-04  9.854983E-05
   1.400000E+01  2.580000E+02  3.293119E-04  9.092189E-05
   1.400000E+01  2.700000E+02  2.922436E-04  8.426060E-05
   1.400000E+01  2.820000E+02  3.357417E-04  9.171068E-05
   1.400000E+01  2.940000E+02  3.635484E-04  9.735497E-05
   1.400000E+01  3.060000E+02  2.768400E-04  8.227994E-05
   1.400000E+01  3.180000E+02  3.527995E-04  9.518781E-05
   1.400000E+01  3.300000E+02  3.652795E-04  9.703768E-05
   1.400000E+01  3.420000E+02  3.091938E-04  8.776623E-05
   1.400000E+01  3.540000E+02  3.570928E-04  9.576599E-05
    
   1.800000E+01  6.000001E+00  3.761207E-04  8.833351E-05
   1.800000E+01  1.800000E+01  3.255078E-04  8.124176E-05
   1.800000E+01  3.000000E+01  3.530027E-04  8.519368E-05
   1.800000E+01  4.200000E+01  3.414299E-04  8.249335E-05
   1.800000E+01  5.400001E+01  3.099934E-04  7.814690E-05
   1.800000E+01  6.600001E+01  3.720509E-04  8.757972E-05
   1.800000E+01  7.800001E+01  3.442288E-04  8.410816E-05
   1.800000E+01  9.000001E+01  3.457145E-04  8.395885E-05
   1.800000E+01  1.020000E+02  3.346223E-04  8.116701E-05
   1.800000E+01  1.140000E+02  3.993767E-04  9.131148E-05
   1.800000E+01  1.260000E+02  3.317002E-04  8.159673E-05
   1.800000E+01  1.380000E+02  3.039720E-04  7.626736E-05
   1.800000E+01  1.500000E+02  3.248333E-04  8.101433E-05
   1.800000E+01  1.620000E+02  3.601529E-04  8.587036E-05
   1.800000E+01  1.740000E+02  3.278134E-04  8.045067E-05
   1.800000E+01  1.860000E+02  3.566276E-04  8.504254E-05
   1.800000E+01  1.980000E+02  3.375881E-04  8.219701E-05
   1.800000E+01  2.100000E+02  3.716418E-04  8.731235E-05
   1.800000E+01  2.220000E+02  3.763726E-04  8.786337E-05
   1.800000E+01  2.340000E+02  3.756604E-04  8.806491E-05
   1.800000E+01  2.460000E+02  3.430127E-04  8.332805E-05
   1.800000E+01  2.580000E+02  3.382901E-04  8.258582E-05
   1.800000E+01  2.700000E+02  3.444641E-04  8.411596E-05
   1.800000E+01  2.820000E+02  3.110773E-04  7.658792E-05
   1.800000E+01  2.940000E+02  3.768185E-04  8.869887E-05
   1.800000E+01  3.060000E+02  3.267972E-04  8.060115E-05
   1.800000E+01  3.180000E+02  3.729989E-04  8.800471E-05
   1.800000E+01  3.300000E+02  3.387342E-04  8.260156E-05
   1.800000E+01  3.420000E+02  3.575739E-04  8.516711E-05
   1.800000E+01  3.540000E+02  3.603864E-04  8.603476E-05
    
   2.200000E+01  6.000001E+00  3.485716E-04  7.595447E-05
   2.200000E+01  1.800000E+01  3.221477E-04  7.217739E-05
   2.200000E+01  3.000000E+01  3.513287E-04  7.658965E-05
   2.200000E+01  4.200000E+01  3.593490E-04  7.755314E-05
   2.200000E+01  5.400001E+01  4.133560E-04  8.440876E-05
   2.200000E+01  6.600001E+01  3.716639E-04  7.979685E-05
   2.200000E+01  7.800001E+01  3.575769E-04  7.826971E-05
   2.200000E+01  9.000001E+01  3.348839E-04  7.451719E-05
   2.200000E+01  1.020000E+02  3.519629E-04  7.712369E-05
   2.200000E+01  1.140000E+02  3.430687E-04  7.584749E-05
   2.200000E+01  1.260000E+02  2.964464E-04  6.868832E-05
   2.200000E+01  1.380000E+02  3.264598E-04  7.316248E-05
   2.200000E+01  1.500000E+02  3.400326E-04  7.499619E-05
   2.200000E+01  1.620000E+02  3.409294E-04  7.478859E-05
   2.200000E+01  1.740000E+02  3.569472E-04  7.733519E-05
   2.200000E+01  1.860000E+02  3.479278E-04  7.607720E-05
   2.200000E+01  1.980000E+02  3.632169E-04  7.797411E-05
   2.200000E+01  2.100000E+02  3.553560E-04  7.721251E-05
   2.200000E+01  2.220000E+02  3.552435E-04  7.708709E-05
   2.200000E+01  2.340000E+02  3.410750E-04  7.591500E-05
   2.200000E+01  2.460000E+02  3.395764E-04  7.499085E-05
   2.200000E+01  2.580000E+02  3.265487E-04  7.367812E-05
   2.200000E+01  2.700000E+02  3.482367E-04  7.612315E-05
   2.200000E+01  2.820000E+02  3.289234E-04  7.384988E-05
   2.200000E+01  2.940000E+02  3.030735E-04  6.879073E-05
   2.200000E+01  3.060000E+02  3.420047E-04  7.513025E-05
   2.200000E+01  3.180000E+02  3.299647E-04  7.360543E-05
   2.200000E+01  3.300000E+02  3.474387E-04  7.602997E-05
   2.200000E+01  3.420000E+02  3.849470E-04  8.191044E-05
   2.200000E+01  3.540000E+02  3.588200E-04  7.820060E-05
    
   2.600000E+01  6.000001E+00  3.306984E-04  6.740870E-05
   2.600000E+01  1.800000E+01  3.813051E-04  7.468047E-05
   2.600000E+01  3.000000E+01  3.815246E-04  7.449328E-05
   2.600000E+01  4.200000E+01  3.215080E-04  6.681159E-05
   2.600000E+01  5.400001E+01  3.181201E-04  6.670070E-05
   2.600000E+01  6.600001E+01  3.190048E-04  6.626836E-05
   2.600000E+01  7.800001E+01  3.508676E-04  7.106575E-05
   2.600000E+01  9.000001E+01  3.584862E-04  7.240474E-05
   2.600000E+01  1.020000E+02  3.541330E-04  7.146821E-05
   2.600000E+01  1.140000E+02  3.662275E-04  7.227261E-05
   2.600000E+01  1.260000E+02  3.735955E-04  7.394120E-05
   2.600000E+01  1.380000E+02  3.554731E-04  7.153475E-05
   2.600000E+01  1.500000E+02  3.555735E-04  7.147049E-05
   2.600000E+01  1.620000E+02  3.818982E-04  7.513781E-05
   2.600000E+01  1.740000E+02  3.689427E-04  7.307659E-05
   2.600000E+01  1.860000E+02  3.554502E-04  7.108490E-05
   2.600000E+01  1.980000E+02  3.596035E-04  7.228794E-05
   2.600000E+01  2.100000E+02  3.596291E-04  7.199713E-05
   2.600000E+01  2.220000E+02  3.064119E-04  6.540264E-05
   2.600000E+01  2.340000E+02  3.924902E-04  7.578597E-05
   2.600000E+01  2.460000E+02  3.259840E-04  6.724966E-05
   2.600000E+01  2.580000E+02  3.522675E-04  7.080511E-05
   2.600000E+01  2.700000E+02  3.004803E-04  6.391663E-05
   2.600000E+01  2.820000E+02  3.613262E-04  7.168735E-05
   2.600000E+01  2.940000E+02  3.380124E-04  6.947565E-05
   2.600000E+01  3.060000E+02  3.568315E-04  7.224198E-05
   2.600000E+01  3.180000E+02  3.148727E-04  6.599531E-05
   2.600000E+01  3.300000E+02  3.504614E-04  7.077223E-05
   2.600000E+01  3.420000E+02  3.222118E-04  6.668363E-05
   2.600000E+01  3.540000E+02  3.787332E-04  7.454478E-05
    
   3.000000E+01  6.000001E+00  3.403649E-04  6.538876E-05
   3.000000E+01  1.800000E+01  2.970324E-04  5.951574E-05
   3.000000E+01  3.000000E+01  3.214572E-04  6.278821E-05
   3.000000E+01  4.200000E+01  3.191974E-04  6.312073E-05
   3.000000E+01  5.400001E+01  3.197448E-04  6.235479E-05
   3.000000E+01  6.600001E+01  3.471472E-04  6.568194E-05
   3.000000E+01  7.800001E+01  3.396573E-04  6.508595E-05
   3.000000E+01  9.000001E+01  3.485029E-04  6.577458E-05
   3.000000E+01  1.020000E+02  3.213297E-04  6.270427E-05
   3.000000E+01  1.140000E+02  4.216207E-04  7.438312E-05
   3.000000E+01  1.260000E+02  3.278854E-04  6.367724E-05
   3.000000E+01  1.380000E+02  3.188981E-04  6.280785E-05
   3.000000E+01  1.500000E+02  3.793736E-04  7.005899E-05
   3.000000E+01  1.620000E+02  3.801888E-04  6.981292E-05
   3.000000E+01  1.740000E+02  3.394291E-04  6.520288E-05
   3.000000E+01  1.860000E+02  3.507706E-04  6.594042E-05
   3.000000E+01  1.980000E+02  3.347082E-04  6.442339E-05
   3.000000E+01  2.100000E+02  3.516731E-04  6.597409E-05
   3.000000E+01  2.220000E+02  3.227121E-04  6.312948E-05
   3.000000E+01  2.340000E+02  3.537493E-04  6.663985E-05
   3.000000E+01  2.460000E+02  3.344466E-04  6.431027E-05
   3.000000E+01  2.580000E+02  3.209909E-04  6.256758E-05
   3.000000E+01  2.700000E+02  3.641067E-04  6.810539E-05
   3.000000E+01  2.820000E+02  3.309819E-04  6.393880E-05
   3.000000E+01  2.940000E+02  3.771980E-04  6.914741E-05
   3.000000E+01  3.060000E+02  3.166222E-04  6.180564E-05
   3.000000E+01  3.180000E+02  3.447297E-04  6.540556E-05
   3.000000E+01  3.300000E+02  3.078695E-04  6.061545E-05
   3.000000E+01  3.420000E+02  3.155466E-04  6.211714E-05
   3.000000E+01  3.540000E+02  3.208589E-04  6.261619E-05
    
   3.400000E+01  6.000001E+00  3.358948E-04  6.129641E-05
   3.400000E+01  1.800000E+01  3.273499E-04  6.008107E-05
   3.400000E+01  3.000000E+01  3.202767E-04  5.921026E-05
   3.400000E+01  4.200000E+01  3.468391E-04  6.229230E-05
   3.400000E+01  5.400001E+01  3.377307E-04  6.123522E-05
   3.400000E+01  6.600001E+01  3.110064E-04  5.852359E-05
   3.400000E+01  7.800001E+01  3.271562E-04  6.001799E-05
   3.400000E+01  9.000001E+01  3.204256E-04  5.944906E-05
   3.400000E+01  1.020000E+02  3.156812E-04  5.841399E-05
   3.400000E+01  1.140000E+02  3.368256E-04  6.133121E-05
   3.400000E+01  1.260000E+02  3.282123E-04  6.001643E-05
   3.400000E+01  1.380000E+02  3.485904E-04  6.248723E-05
   3.400000E+01  1.500000E+02  3.837731E-04  6.628272E-05
   3.400000E+01  1.620000E+02  3.460655E-04  6.233789E-05
   3.400000E+01  1.740000E+02  3.398489E-04  6.147046E-05
   3.400000E+01  1.860000E+02  3.216829E-04  5.932888E-05
   3.400000E+01  1.980000E+02  3.029544E-04  5.740303E-05
   3.400000E+01  2.100000E+02  3.344436E-04  6.099432E-05
   3.400000E+01  2.220000E+02  3.351144E-04  6.104735E-05
   3.400000E+01  2.340000E+02  3.407970E-04  6.152580E-05
   3.400000E+01  2.460000E+02  3.279113E-04  6.010656E-05
   3.400000E+01  2.580000E+02  3.149714E-04  5.856614E-05
   3.400000E+01  2.700000E+02  3.419840E-04  6.171970E-05
   3.400000E+01  2.820000E+02  3.202368E-04  5.861109E-05
   3.400000E+01  2.940000E+02  3.270607E-04  6.045907E-05
   3.400000E+01  3.060000E+02  3.162695E-04  5.902697E-05
   3.400000E+01  3.180000E+02  3.337632E-04  6.124805E-05
   3.400000E+01  3.300000E+02  3.214484E-04  5.962084E-05
   3.400000E+01  3.420000E+02  3.362885E-04  6.081425E-05
   3.400000E+01  3.540000E+02  3.246393E-04  5.995880E-05
    
   3.800000E+01  6.000001E+00  3.755062E-04  6.237182E-05
   3.800000E+01  1.800000E+01  2.990954E-04  5.392570E-05
   3.800000E+01  3.000000E+01  3.277807E-04  5.745135E-05
   3.800000E+01  4.200000E+01  3.433818E-04  5.888077E-05
   3.800000E+01  5.400001E+01  3.269041E-04  5.740484E-05
   3.800000E+01  6.600001E+01  3.289889E-04  5.753546E-05
   3.800000E+01  7.800001E+01  3.122653E-04  5.552602E-05
   3.800000E+01  9.000001E+01  3.299478E-04  5.719478E-05
   3.800000E+01  1.020000E+02  3.230923E-04  5.672048E-05
   3.800000E+01  1.140000E+02  3.638321E-04  6.109944E-05
   3.800000E+01  1.260000E+02  3.279915E-04  5.805953E-05
   3.800000E+01  1.380000E+02  3.235928E-04  5.667884E-05
   3.800000E+01  1.500000E+02  3.384604E-04  5.834589E-05
   3.800000E+01  1.620000E+02  3.120929E-04  5.551875E-05
   3.800000E+01  1.740000E+02  2.932083E-04  5.324800E-05
   3.800000E+01  1.860000E+02  3.049963E-04  5.516059E-05
   3.800000E+01  1.980000E+02  3.450593E-04  5.926024E-05
   3.800000E+01  2.100000E+02  3.181096E-04  5.594000E-05
   3.800000E+01  2.220000E+02  3.312927E-04  5.797372E-05
   3.800000E+01  2.340000E+02  3.105669E-04  5.545034E-05
   3.800000E+01  2.460000E+02  3.172098E-04  5.678365E-05
   3.800000E+01  2.580000E+02  3.051476E-04  5.477969E-05
   3.800000E+01  2.700000E+02  3.139417E-04  5.608935E-05
   3.800000E+01  2.820000E+02  3.017505E-04  5.409852E-05
   3.800000E+01  2.940000E+02  2.912445E-04  5.348066E-05
   3.800000E+01  3.060000E+02  3.179698E-04  5.647603E-05
   3.800000E+01  3.180000E+02  3.025431E-04  5.423717E-05
   3.800000E+01  3.300000E+02  2.978061E-04  5.393707E-05
   3.800000E+01  3.420000E+02  3.272136E-04  5.714172E-05
   3.800000E+01  3.540000E+02  3.220130E-04  5.639067E-05
    
   4.200000E+01  6.000001E+00  3.131508E-04  5.372326E-05
   4.200000E+01  1.800000E+01  3.164783E-04  5.391514E-05
   4.200000E+01  3.000000E+01  2.779192E-04  4.994420E-05
   4.200000E+01  4.200000E+01  3.291758E-04  5.521725E-05
   4.200000E+01  5.400001E+01  3.338527E-04  5.563830E-05
   4.200000E+01  6.600001E+01  3.000620E-04  5.224735E-05
   4.200000E+01  7.800001E+01  2.961262E-04  5.173806E-05
   4.200000E+01  9.000001E+01  2.930169E-04  5.109328E-05
   4.200000E+01  1.020000E+02  2.807752E-04  4.984424E-05
   4.200000E+01  1.140000E+02  3.163342E-04  5.385922E-05
   4.200000E+01  1.260000E+02  3.194508E-04  5.418048E-05
   4.200000E+01  1.380000E+02  3.254295E-04  5.512049E-05
   4.200000E+01  1.500000E+02  2.983441E-04  5.184199E-05
   4.200000E+01  1.620000E+02  2.878391E-04  5.088643E-05
   4.200000E+01  1.740000E+02  2.988887E-04  5.212344E-05
   4.200000E+01  1.860000E+02  2.974924E-04  5.183896E-05
   4.200000E+01  1.980000E+02  3.203460E-04  5.423206E-05
   4.200000E+01  2.100000E+02  3.409170E-04  5.603306E-05
   4.200000E+01  2.220000E+02  3.080362E-04  5.275681E-05
   4.200000E+01  2.340000E+02  3.225561E-04  5.455187E-05
   4.200000E+01  2.460000E+02  3.084317E-04  5.311705E-05
   4.200000E+01  2.580000E+02  3.053793E-04  5.310132E-05
   4.200000E+01  2.700000E+02  3.416190E-04  5.691194E-05
   4.200000E+01  2.820000E+02  2.959091E-04  5.150911E-05
   4.200000E+01  2.940000E+02  2.995073E-04  5.181994E-05
   4.200000E+01  3.060000E+02  3.314238E-04  5.573744E-05
   4.200000E+01  3.180000E+02  3.101008E-04  5.289561E-05
   4.200000E+01  3.300000E+02  3.419525E-04  5.705259E-05
   4.200000E+01  3.420000E+02  3.371649E-04  5.644512E-05
   4.200000E+01  3.540000E+02  3.334475E-04  5.622270E-05
    
   4.600000E+01  6.000001E+00  2.967154E-04  5.006651E-05
   4.600000E+01  1.800000E+01  2.989812E-04  5.027527E-05
   4.600000E+01  3.000000E+01  3.213840E-04  5.264622E-05
   4.600000E+01  4.200000E+01  3.006216E-04  5.016054E-05
   4.600000E+01  5.400001E+01  3.174195E-04  5.239236E-05
   4.600000E+01  6.600001E+01  3.140924E-04  5.219163E-05
   4.600000E+01  7.800001E+01  2.854041E-04  4.878463E-05
   4.600000E+01  9.000001E+01  2.975066E-04  5.018926E-05
   4.600000E+01  1.020000E+02  3.029015E-04  5.084716E-05
   4.600000E+01  1.140000E+02  3.452240E-04  5.488224E-05
   4.600000E+01  1.260000E+02  3.133687E-04  5.189503E-05
   4.600000E+01  1.380000E+02  2.908699E-04  4.908152E-05
   4.600000E+01  1.500000E+02  3.097083E-04  5.151865E-05
   4.600000E+01  1.620000E+02  3.043673E-04  5.052895E-05
   4.600000E+01  1.740000E+02  3.148104E-04  5.210626E-05
   4.600000E+01  1.860000E+02  3.034526E-04  5.086310E-05
   4.600000E+01  1.980000E+02  3.168130E-04  5.222677E-05
   4.600000E+01  2.100000E+02  3.286810E-04  5.329909E-05
   4.600000E+01  2.220000E+02  3.009905E-04  4.985584E-05
   4.600000E+01  2.340000E+02  2.915273E-04  4.942996E-05
   4.600000E+01  2.460000E+02  2.813522E-04  4.824275E-05
   4.600000E+01  2.580000E+02  2.877250E-04  4.884457E-05
   4.600000E+01  2.700000E+02  3.088925E-04  5.116262E-05
   4.600000E+01  2.820000E+02  3.290788E-04  5.304569E-05
   4.600000E+01  2.940000E+02  2.694329E-04  4.718845E-05
   4.600000E+01  3.060000E+02  3.006260E-04  5.023501E-05
   4.600000E+01  3.180000E+02  2.968929E-04  4.991716E-05
   4.600000E+01  3.300000E+02  2.614244E-04  4.611531E-05
   4.600000E+01  3.420000E+02  2.999212E-04  5.004174E-05
   4.600000E+01  3.540000E+02  3.119828E-04  5.115715E-05
    
   5.000001E+01  6.000001E+00  2.650295E-04  4.521196E-05
   5.000001E+01  1.800000E+01  3.130414E-04  5.027292E-05
   5.000001E+01  3.000000E+01  2.807206E-04  4.706010E-05
   5.000001E+01  4.200000E+01  3.048197E-04  4.964252E-05
   5.000001E+01  5.400001E+01  2.686275E-04  4.542378E-05
   5.000001E+01  6.600001E+01  2.878395E-04  4.758987E-05
   5.000001E+01  7.800001E+01  2.773140E-04  4.653553E-05
   5.000001E+01  9.000001E+01  2.876022E-04  4.752556E-05
   5.000001E+01  1.020000E+02  2.532702E-04  4.356337E-05
   5.000001E+01  1.140000E+02  2.564598E-04  4.395766E-05
   5.000001E+01  1.260000E+02  2.980204E-04  4.836551E-05
   5.000001E+01  1.380000E+02  2.939726E-04  4.825404E-05
   5.000001E+01  1.500000E+02  2.927614E-04  4.830292E-05
   5.000001E+01  1.620000E+02  2.742006E-04  4.592028E-05
   5.000001E+01  1.740000E+02  2.798600E-04  4.680221E-05
   5.000001E+01  1.860000E+02  3.206527E-04  5.074076E-05
   5.000001E+01  1.980000E+02  3.300616E-04  5.191201E-05
   5.000001E+01  2.100000E+02  2.996990E-04  4.905986E-05
   5.000001E+01  2.220000E+02  2.890417E-04  4.789356E-05
   5.000001E+01  2.340000E+02  2.714545E-04  4.546886E-05
   5.000001E+01  2.460000E+02  3.000884E-04  4.856978E-05
   5.000001E+01  2.580000E+02  2.945725E-04  4.828726E-05
   5.000001E+01  2.700000E+02  2.756080E-04  4.654675E-05
   5.000001E+01  2.820000E+02  2.908901E-04  4.766695E-05
   5.000001E+01  2.940000E+02  2.865311E-04  4.765081E-05
   5.000001E+01  3.060000E+02  2.861191E-04  4.718671E-05
   5.000001E+01  3.180000E+02  2.712834E-04  4.561384E-05
   5.000001E+01  3.300000E+02  2.878823E-04  4.760890E-05
   5.000001E+01  3.420000E+02  3.292401E-04  5.174647E-05
   5.000001E+01  3.540000E+02  2.820775E-04  4.683493E-05
    
   5.400001E+01  6.000001E+00  2.738029E-04  4.521204E-05
   5.400001E+01  1.800000E+01  2.488680E-04  4.248335E-05
   5.400001E+01  3.000000E+01  2.899023E-04  4.645532E-05
   5.400001E+01  4.200000E+01  3.081164E-04  4.872296E-05
   5.400001E+01  5.400001E+01  2.822806E-04  4.576051E-05
   5.400001E+01  6.600001E+01  2.665803E-04  4.393461E-05
   5.400001E+01  7.800001E+01  2.843272E-04  4.649356E-05
   5.400001E+01  9.000001E+01  2.600784E-04  4.329758E-05
   5.400001E+01  1.020000E+02  2.611065E-04  4.359044E-05
   5.400001E+01  1.140000E+02  2.590267E-04  4.321232E-05
   5.400001E+01  1.260000E+02  2.769774E-04  4.530939E-05
   5.400001E+01  1.380000E+02  2.788560E-04  4.567708E-05
   5.400001E+01  1.500000E+02  2.369670E-04  4.115577E-05
   5.400001E+01  1.620000E+02  3.022732E-04  4.781726E-05
   5.400001E+01  1.740000E+02  3.004588E-04  4.766790E-05
   5.400001E+01  1.860000E+02  2.926751E-04  4.708239E-05
   5.400001E+01  1.980000E+02  2.959074E-04  4.738095E-05
   5.400001E+01  2.100000E+02  2.714765E-04  4.455500E-05
   5.400001E+01  2.220000E+02  2.859169E-04  4.618117E-05
   5.400001E+01  2.340000E+02  2.505902E-04  4.231378E-05
   5.400001E+01  2.460000E+02  2.947195E-04  4.700567E-05
   5.400001E+01  2.580000E+02  2.834808E-04  4.617285E-05
   5.400001E+01  2.700000E+02  2.761258E-04  4.516593E-05
   5.400001E+01  2.820000E+02  2.809563E-04  4.568400E-05
   5.400001E+01  2.940000E+02  2.752605E-04  4.493411E-05
   5.400001E+01  3.060000E+02  2.998245E-04  4.767605E-05
   5.400001E+01  3.180000E+02  2.965389E-04  4.731125E-05
   5.400001E+01  3.300000E+02  2.802358E-04  4.562050E-05
   5.400001E+01  3.420000E+02  2.544244E-04  4.304022E-05
   5.400001E+01  3.540000E+02  2.702036E-04  4.461595E-05
    
   5.800001E+01  6.000001E+00  2.545012E-04  4.183722E-05
   5.800001E+01  1.800000E+01  2.558925E-04  4.219172E-05
   5.800001E+01  3.000000E+01  2.832917E-04  4.539567E-05
   5.800001E+01  4.200000E+01  2.902656E-04  4.555074E-05
   5.800001E+01  5.400001E+01  2.708700E-04  4.375039E-05
   5.800001E+01  6.600001E+01  2.732889E-04  4.394407E-05
   5.800001E+01  7.800001E+01  2.642502E-04  4.275584E-05
   5.800001E+01  9.000001E+01  2.743620E-04  4.398713E-05
   5.800001E+01  1.020000E+02  2.396629E-04  4.018217E-05
   5.800001E+01  1.140000E+02  2.928802E-04  4.587994E-05
   5.800001E+01  1.260000E+02  2.809545E-04  4.474317E-05
   5.800001E+01  1.380000E+02  2.543009E-04  4.220677E-05
   5.800001E+01  1.500000E+02  2.837554E-04  4.508262E-05
   5.800001E+01  1.620000E+02  2.826587E-04  4.473459E-05
   5.800001E+01  1.740000E+02  2.588796E-04  4.234624E-05
   5.800001E+01  1.860000E+02  2.715312E-04  4.381247E-05
   5.800001E+01  1.980000E+02  2.603465E-04  4.232587E-05
   5.800001E+01  2.100000E+02  2.521600E-04  4.188601E-05
   5.800001E+01  2.220000E+02  2.485853E-04  4.141921E-05
   5.800001E+01  2.340000E+02  2.893581E-04  4.555773E-05
   5.800001E+01  2.460000E+02  2.668903E-04  4.350352E-05
   5.800001E+01  2.580000E+02  2.511373E-04  4.156087E-05
   5.800001E+01  2.700000E+02  2.700202E-04  4.393977E-05
   5.800001E+01  2.820000E+02  2.632887E-04  4.286646E-05
   5.800001E+01  2.940000E+02  2.705751E-04  4.398760E-05
   5.800001E+01  3.060000E+02  2.527378E-04  4.175458E-05
   5.800001E+01  3.180000E+02  2.637250E-04  4.279493E-05
   5.800001E+01  3.300000E+02  2.699728E-04  4.398956E-05
   5.800001E+01  3.420000E+02  2.570728E-04  4.177918E-05
   5.800001E+01  3.540000E+02  2.692495E-04  4.321500E-05
    
   6.200001E+01  6.000001E+00  2.611981E-04  4.177034E-05
   6.200001E+01  1.800000E+01  2.524945E-04  4.130393E-05
   6.200001E+01  3.000000E+01  2.426081E-04  3.985360E-05
   6.200001E+01  4.200000E+01  2.342118E-04  3.885835E-05
   6.200001E+01  5.400001E+01  2.543760E-04  4.116004E-05
   6.200001E+01  6.600001E+01  2.402857E-04  3.970012E-05
   6.200001E+01  7.800001E+01  2.598380E-04  4.204892E-05
   6.200001E+01  9.000001E+01  2.405460E-04  3.962790E-05
   6.200001E+01  1.020000E+02  2.138752E-04  3.691905E-05
   6.200001E+01  1.140000E+02  2.663143E-04  4.218804E-05
   6.200001E+01  1.260000E+02  2.483325E-04  4.085330E-05
   6.200001E+01  1.380000E+02  2.503994E-04  4.085559E-05
   6.200001E+01  1.500000E+02  2.602586E-04  4.194027E-05
   6.200001E+01  1.620000E+02  2.529480E-04  4.116787E-05
   6.200001E+01  1.740000E+02  2.344698E-04  3.916405E-05
   6.200001E+01  1.860000E+02  2.543514E-04  4.156016E-05
   6.200001E+01  1.980000E+02  2.380572E-04  3.951729E-05
   6.200001E+01  2.100000E+02  2.504810E-04  4.093931E-05
   6.200001E+01  2.220000E+02  2.458395E-04  4.045348E-05
   6.200001E+01  2.340000E+02  2.710845E-04  4.302763E-05
   6.200001E+01  2.460000E+02  2.693657E-04  4.286738E-05
   6.200001E+01  2.580000E+02  2.509129E-04  4.117809E-05
   6.200001E+01  2.700000E+02  2.632744E-04  4.187223E-05
   6.200001E+01  2.820000E+02  2.321085E-04  3.896642E-05
   6.200001E+01  2.940000E+02  2.377450E-04  3.963446E-05
   6.200001E+01  3.060000E+02  2.444882E-04  4.022555E-05
   6.200001E+01  3.180000E+02  2.529440E-04  4.157155E-05
   6.200001E+01  3.300000E+02  2.476875E-04  4.083334E-05
   6.200001E+01  3.420000E+02  2.584107E-04  4.161012E-05
   6.200001E+01  3.540000E+02  2.434650E-04  4.015085E-05
    
   6.600001E+01  6.000001E+00  2.348759E-04  3.835187E-05
   6.600001E+01  1.800000E+01  2.062525E-04  3.532841E-05
   6.600001E+01  3.000000E+01  2.103358E-04  3.593470E-05
   6.600001E+01  4.200000E+01  2.069085E-04  3.577149E-05
   6.600001E+01  5.400001E+01  2.563991E-04  4.109625E-05
   6.600001E+01  6.600001E+01  2.374555E-04  3.884307E-05
   6.600001E+01  7.800001E+01  2.255119E-04  3.757231E-05
   6.600001E+01  9.000001E+01  2.195687E-04  3.709246E-05
   6.600001E+01  1.020000E+02  2.209862E-04  3.744317E-05
   6.600001E+01  1.140000E+02  2.233325E-04  3.736645E-05
   6.600001E+01  1.260000E+02  2.476451E-04  3.973549E-05
   6.600001E+01  1.380000E+02  2.368102E-04  3.923440E-05
   6.600001E+01  1.500000E+02  2.237001E-04  3.746348E-05
   6.600001E+01  1.620000E+02  2.375671E-04  3.917173E-05
   6.600001E+01  1.740000E+02  2.177616E-04  3.697152E-05
   6.600001E+01  1.860000E+02  2.458114E-04  3.986307E-05
   6.600001E+01  1.980000E+02  2.201413E-04  3.702564E-05
   6.600001E+01  2.100000E+02  2.278234E-04  3.808076E-05
   6.600001E+01  2.220000E+02  2.295015E-04  3.815273E-05
   6.600001E+01  2.340000E+02  2.309517E-04  3.793707E-05
   6.600001E+01  2.460000E+02  2.529703E-04  4.058009E-05
   6.600001E+01  2.580000E+02  2.346123E-04  3.857204E-05
   6.600001E+01  2.700000E+02  2.247786E-04  3.771737E-05
   6.600001E+01  2.820000E+02  2.527217E-04  4.069993E-05
   6.600001E+01  2.940000E+02  2.177842E-04  3.638227E-05
   6.600001E+01  3.060000E+02  2.195781E-04  3.690739E-05
   6.600001E+01  3.180000E+02  2.329973E-04  3.834695E-05
   6.600001E+01  3.300000E+02  2.092175E-04  3.557268E-05
   6.600001E+01  3.420000E+02  2.276529E-04  3.782365E-05
   6.600001E+01  3.540000E+02  2.492007E-04  4.029688E-05
    
   7.000001E+01  6.000001E+00  2.158782E-04  3.610519E-05
   7.000001E+01  1.800000E+01  2.065678E-04  3.517173E-05
   7.000001E+01  3.000000E+01  2.066279E-04  3.544020E-05
   7.000001E+01  4.200000E+01  2.249823E-04  3.713017E-05
   7.000001E+01  5.400001E+01  2.014880E-04  3.504299E-05
   7.000001E+01  6.600001E+01  2.004771E-04  3.454546E-05
   7.000001E+01  7.800001E+01  1.893903E-04  3.335767E-05
   7.000001E+01  9.000001E+01  2.115564E-04  3.553101E-05
   7.000001E+01  1.020000E+02  1.927770E-04  3.383340E-05
   7.000001E+01  1.140000E+02  2.170917E-04  3.645012E-05
   7.000001E+01  1.260000E+02  2.037716E-04  3.479412E-05
   7.000001E+01  1.380000E+02  2.141710E-04  3.610762E-05
   7.000001E+01  1.500000E+02  2.012093E-04  3.470336E-05
   7.000001E+01  1.620000E+02  2.016431E-04  3.443533E-05
   7.000001E+01  1.740000E+02  2.104629E-04  3.532968E-05
   7.000001E+01  1.860000E+02  2.193423E-04  3.652972E-05
   7.000001E+01  1.980000E+02  2.115354E-04  3.573581E-05
   7.000001E+01  2.100000E+02  2.118260E-04  3.579678E-05
   7.000001E+01  2.220000E+02  2.038775E-04  3.498975E-05
   7.000001E+01  2.340000E+02  2.177497E-04  3.656117E-05
   7.000001E+01  2.460000E+02  2.151634E-04  3.615645E-05
   7.000001E+01  2.580000E+02  2.039769E-04  3.474734E-05
   7.000001E+01  2.700000E+02  2.061624E-04  3.533795E-05
   7.000001E+01  2.820000E+02  2.178721E-04  3.653903E-05
   7.000001E+01  2.940000E+02  1.902939E-04  3.305943E-05
   7.000001E+01  3.060000E+02  2.108501E-04  3.571117E-05
   7.000001E+01  3.180000E+02  2.033630E-04  3.499275E-05
   7.000001E+01  3.300000E+02  2.293817E-04  3.772983E-05
   7.000001E+01  3.420000E+02  2.253874E-04  3.757291E-05
   7.000001E+01  3.540000E+02  2.171151E-04  3.655823E-05
    
   7.400001E+01  6.000001E+00  2.008478E-04  3.451357E-05
   7.400001E+01  1.800000E+01  1.870739E-04  3.305921E-05
   7.400001E+01  3.000000E+01  1.795995E-04  3.164133E-05
   7.400001E+01  4.200000E+01  1.919477E-04  3.306182E-05
   7.400001E+01  5.400001E+01  1.813178E-04  3.229610E-05
   7.400001E+01  6.600001E+01  1.866007E-04  3.267894E-05
   7.400001E+01  7.800001E+01  1.835608E-04  3.204581E-05
   7.400001E+01  9.000001E+01  1.880538E-04  3.297965E-05
   7.400001E+01  1.020000E+02  1.795326E-04  3.197312E-05
   7.400001E+01  1.140000E+02  1.659463E-04  3.030663E-05
   7.400001E+01  1.260000E+02  1.721855E-04  3.105311E-05
   7.400001E+01  1.380000E+02  1.788357E-04  3.150577E-05
   7.400001E+01  1.500000E+02  1.980443E-04  3.470485E-05
   7.400001E+01  1.620000E+02  2.065814E-04  3.491691E-05
   7.400001E+01  1.740000E+02  1.925571E-04  3.363655E-05
   7.400001E+01  1.860000E+02  1.763468E-04  3.114065E-05
   7.400001E+01  1.980000E+02  1.947801E-04  3.375974E-05
   7.400001E+01  2.100000E+02  1.913745E-04  3.354772E-05
   7.400001E+01  2.220000E+02  1.897353E-04  3.301036E-05
   7.400001E+01  2.340000E+02  1.817273E-04  3.204180E-05
   7.400001E+01  2.460000E+02  2.021294E-04  3.459666E-05
   7.400001E+01  2.580000E+02  1.964209E-04  3.382360E-05
   7.400001E+01  2.700000E+02  1.751148E-04  3.093827E-05
   7.400001E+01  2.820000E+02  1.509632E-04  2.781513E-05
   7.400001E+01  2.940000E+02  1.792642E-04  3.166337E-05
   7.400001E+01  3.060000E+02  1.936769E-04  3.372559E-05
   7.400001E+01  3.180000E+02  1.810526E-04  3.174002E-05
   7.400001E+01  3.300000E+02  1.808859E-04  3.242373E-05
   7.400001E+01  3.420000E+02  1.899211E-04  3.330292E-05
   7.400001E+01  3.540000E+02  1.814605E-04  3.217094E-05
    
   7.800001E+01  6.000001E+00  1.612950E-04  2.972659E-05
   7.800001E+01  1.800000E+01  1.513460E-04  2.830413E-05
   7.800001E+01  3.000000E+01  1.580357E-04  2.914952E-05
   7.800001E+01  4.200000E+01  1.687939E-04  3.050806E-05
   7.800001E+01  5.400001E+01  1.479393E-04  2.798321E-05
   7.800001E+01  6.600001E+01  1.480722E-04  2.797994E-05
   7.800001E+01  7.800001E+01  1.530911E-04  2.873229E-05
   7.800001E+01  9.000001E+01  1.657130E-04  2.987154E-05
   7.800001E+01  1.020000E+02  1.534700E-04  2.856943E-05
   7.800001E+01  1.140000E+02  1.548522E-04  2.905822E-05
   7.800001E+01  1.260000E+02  1.611489E-04  2.959899E-05
   7.800001E+01  1.380000E+02  1.385193E-04  2.652932E-05
   7.800001E+01  1.500000E+02  1.458762E-04  2.786804E-05
   7.800001E+01  1.620000E+02  1.401466E-04  2.652146E-05
   7.800001E+01  1.740000E+02  1.643086E-04  3.006707E-05
   7.800001E+01  1.860000E+02  1.610479E-04  2.940027E-05
   7.800001E+01  1.980000E+02  1.547912E-04  2.889537E-05
   7.800001E+01  2.100000E+02  1.376567E-04  2.603129E-05
   7.800001E+01  2.220000E+02  1.460323E-04  2.767210E-05
   7.800001E+01  2.340000E+02  1.513259E-04  2.865866E-05
   7.800001E+01  2.460000E+02  1.563298E-04  2.937852E-05
   7.800001E+01  2.580000E+02  1.415882E-04  2.666739E-05
   7.800001E+01  2.700000E+02  1.541605E-04  2.882867E-05
   7.800001E+01  2.820000E+02  1.604159E-04  2.967904E-05
   7.800001E+01  2.940000E+02  1.545562E-04  2.916885E-05
   7.800001E+01  3.060000E+02  1.360844E-04  2.595694E-05
   7.800001E+01  3.180000E+02  1.379784E-04  2.640281E-05
   7.800001E+01  3.300000E+02  1.584067E-04  2.941840E-05
   7.800001E+01  3.420000E+02  1.668190E-04  3.065322E-05
   7.800001E+01  3.540000E+02  1.591361E-04  2.950226E-05
    
   8.200001E+01  6.000001E+00  9.743239E-05  2.080529E-05
   8.200001E+01  1.800000E+01  1.261807E-04  2.515658E-05
   8.200001E+01  3.000000E+01  1.054989E-04  2.187502E-05
   8.200001E+01  4.200000E+01  1.089416E-04  2.254571E-05
   8.200001E+01  5.400001E+01  1.074970E-04  2.197062E-05
   8.200001E+01  6.600001E+01  1.263105E-04  2.553025E-05
   8.200001E+01  7.800001E+01  1.433805E-04  2.759135E-05
   8.200001E+01  9.000001E+01  1.175353E-04  2.401364E-05
   8.200001E+01  1.020000E+02  1.232108E-04  2.501997E-05
   8.200001E+01  1.140000E+02  1.187504E-04  2.447305E-05
   8.200001E+01  1.260000E+02  1.049048E-04  2.191431E-05
   8.200001E+01  1.380000E+02  1.151806E-04  2.357229E-05
   8.200001E+01  1.500000E+02  1.310478E-04  2.585281E-05
   8.200001E+01  1.620000E+02  1.265197E-04  2.558626E-05
   8.200001E+01  1.740000E+02  1.079608E-04  2.231508E-05
   8.200001E+01  1.860000E+02  1.108880E-04  2.318205E-05
   8.200001E+01  1.980000E+02  1.090571E-04  2.272393E-05
   8.200001E+01  2.100000E+02  1.158576E-04  2.357629E-05
   8.200001E+01  2.220000E+02  1.361786E-04  2.683109E-05
   8.200001E+01  2.340000E+02  1.123517E-04  2.357770E-05
   8.200001E+01  2.460000E+02  1.121820E-04  2.340372E-05
   8.200001E+01  2.580000E+02  9.914992E-05  2.063498E-05
   8.200001E+01  2.700000E+02  1.178845E-04  2.421009E-05
   8.200001E+01  2.820000E+02  1.111311E-04  2.275129E-05
   8.200001E+01  2.940000E+02  1.210107E-04  2.451707E-05
   8.200001E+01  3.060000E+02  1.199616E-04  2.440231E-05
   8.200001E+01  3.180000E+02  1.179132E-04  2.446680E-05
   8.200001E+01  3.300000E+02  1.271361E-04  2.574478E-05
   8.200001E+01  3.420000E+02  1.088180E-04  2.252479E-05
   8.200001E+01  3.540000E+02  1.182777E-04  2.400003E-05
    
   8.600001E+01  6.000001E+00  6.479816E-05  1.538513E-05
   8.600001E+01  1.800000E+01  7.508394E-05  1.840393E-05
   8.600001E+01  3.000000E+01  8.372343E-05  1.927841E-05
   8.600001E+01  4.200000E+01  6.650342E-05  1.565638E-05
   8.600001E+01  5.400001E+01  8.044619E-05  1.859902E-05
   8.600001E+01  6.600001E+01  7.862585E-05  1.807754E-05
   8.600001E+01  7.800001E+01  7.592239E-05  1.783618E-05
   8.600001E+01  9.000001E+01  7.664532E-05  1.776890E-05
   8.600001E+01  1.020000E+02  7.353725E-05  1.726855E-05
   8.600001E+01  1.140000E+02  7.464708E-05  1.737703E-05
   8.600001E+01  1.260000E+02  7.299071E-05  1.739420E-05
   8.600001E+01  1.380000E+02  7.790130E-05  1.865253E-05
   8.600001E+01  1.500000E+02  6.481771E-05  1.567355E-05
   8.600001E+01  1.620000E+02  7.566228E-05  1.825748E-05
   8.600001E+01  1.740000E+02  6.978463E-05  1.680003E-05
   8.600001E+01  1.860000E+02  7.434011E-05  1.768373E-05
   8.600001E+01  1.980000E+02  8.549795E-05  2.020843E-05
   8.600001E+01  2.100000E+02  6.843988E-05  1.614233E-05
   8.600001E+01  2.220000E+02  7.712146E-05  1.779702E-05
   8.600001E+01  2.340000E+02  6.851804E-05  1.620220E-05
   8.600001E+01  2.460000E+02  8.316599E-05  1.947981E-05
   8.600001E+01  2.580000E+02  7.086238E-05  1.621672E-05
   8.600001E+01  2.700000E+02  8.055214E-05  1.826566E-05
   8.600001E+01  2.820000E+02  8.270794E-05  1.906139E-05
   8.600001E+01  2.940000E+02  8.963644E-05  2.062223E-05
   8.600001E+01  3.060000E+02  7.008646E-05  1.653166E-05
   8.600001E+01  3.180000E+02  6.667922E-05  1.629517E-05
   8.600001E+01  3.300000E+02  7.654263E-05  1.799678E-05
   8.600001E+01  3.420000E+02  8.277978E-05  1.945816E-05
   8.600001E+01  3.540000E+02  8.044380E-05  1.876856E-05
    
   9.000001E+01  6.000001E+00  1.762791E-05  8.931901E-06
   9.000001E+01  1.800000E+01  1.489202E-05  6.619148E-06
   9.000001E+01  3.000000E+01  1.062513E-05  4.746559E-06
   9.000001E+01  4.200000E+01  1.140829E-05  5.458794E-06
   9.000001E+01  5.400001E+01  1.392329E-05  6.398117E-06
   9.000001E+01  6.600001E+01  1.218431E-05  5.931291E-06
   9.000001E+01  7.800001E+01  1.059187E-05  4.145631E-06
   9.000001E+01  9.000001E+01  1.268172E-05  5.718131E-06
   9.000001E+01  1.020000E+02  1.543906E-05  6.694375E-06
   9.000001E+01  1.140000E+02  1.129434E-05  4.478036E-06
   9.000001E+01  1.260000E+02  1.192188E-05  5.135376E-06
   9.000001E+01  1.380000E+02  1.690603E-05  8.253283E-06
   9.000001E+01  1.500000E+02  1.239726E-05  6.089431E-06
   9.000001E+01  1.620000E+02  9.184068E-06  4.211934E-06
   9.000001E+01  1.740000E+02  1.053048E-05  4.029514E-06
   9.000001E+01  1.860000E+02  1.085223E-05  4.259362E-06
   9.000001E+01  1.980000E+02  1.263951E-05  6.167359E-06
   9.000001E+01  2.100000E+02  1.076944E-05  4.747357E-06
   9.000001E+01  2.220000E+02  1.330100E-05  5.963310E-06
   9.000001E+01  2.340000E+02  1.099764E-05  4.751869E-06
   9.000001E+01  2.460000E+02  1.402991E-05  6.398490E-06
   9.000001E+01  2.580000E+02  1.231082E-05  5.633257E-06
   9.000001E+01  2.700000E+02  1.013972E-05  4.027453E-06
   9.000001E+01  2.820000E+02  1.540682E-05  7.017312E-06
   9.000001E+01  2.940000E+02  1.179883E-05  5.041770E-06
   9.000001E+01  3.060000E+02  1.413396E-05  7.485129E-06
   9.000001E+01  3.180000E+02  1.239323E-05  5.633786E-06
   9.000001E+01  3.300000E+02  1.096609E-05  5.369802E-06
   9.000001E+01  3.420000E+02  1.151656E-05  4.946117E-06
   9.000001E+01  3.540000E+02  1.422593E-05  6.472487E-06
    
   9.400001E+01  6.000001E+00  1.000000E-35  1.000000E-35
   9.400001E+01  1.800000E+01  1.000000E-35  1.000000E-35
   9.400001E+01  3.000000E+01  1.000000E-35  1.000000E-35
   9.400001E+01  4.200000E+01  1.000000E-35  1.000000E-35
   9.400001E+01  5.400001E+01  1.000000E-35  1.000000E-35
   9.400001E+01  6.600001E+01  1.000000E-35  1.000000E-35
   9.400001E+01  7.800001E+01  1.000000E-35  1.000000E-35
   9.400001E+01  9.000001E+01  1.000000E-35  1.000000E-35
   9.400001E+01  1.020000E+02  1.000000E-35  1.000000E-35
   9.400001E+01  1.140000E+02  1.000000E-35  1.000000E-35
   9.400001E+01  1.260000E+02  1.000000E-35  1.000000E-35
   9.400001E+01  1.380000E+02  1.000000E-35  1.000000E-35
   9.400001E+01  1.500000E+02  1.000000E-35  1.000000E-35
   9.400001E+01  1.620000E+02  1.000000E-35  1.000000E-35
   9.400001E+01  1.740000E+02  1.000000E-35  1.000000E-35
   9.400001E+01  1.860000E+02  1.000000E-35  1.000000E-35
   9.400001E+01  1.980000E+02  1.000000E-35  1.000000E-35
   9.400001E+01  2.100000E+02  1.000000E-35  1.000000E-35
   9.400001E+01  2.220000E+02  1.000000E-35  1.000000E-35
   9.400001E+01  2.340000E+02  1.000000E-35  1.000000E-35
   9.400001E+01  2.460000E+02  1.000000E-35  1.000000E-35
   9.400001E+01  2.580000E+02  1.000000E-35  1.000000E-35
   9.400001E+01  2.700000E+02  1.000000E-35  1.000000E-35
   9.400001E+01  2.820000E+02  1.000000E-35  1.000000E-35
   9.400001E+01  2.940000E+02  1.000000E-35  1.000000E-35
   9.400001E+01  3.060000E+02  1.000000E-35  1.000000E-35
   9.400001E+01  3.180000E+02  1.000000E-35  1.000000E-35
   9.400001E+01  3.300000E+02  1.000000E-35  1.000000E-35
   9.400001E+01  3.420000E+02  1.000000E-35  1.000000E-35
   9.400001E+01  3.540000E+02  1.000000E-35  1.000000E-35
    
   9.800001E+01  6.000001E+00  1.000000E-35  1.000000E-35
   9.800001E+01  1.800000E+01  1.000000E-35  1.000000E-35
   9.800001E+01  3.000000E+01  1.000000E-35  1.000000E-35
   9.800001E+01  4.200000E+01  1.000000E-35  1.000000E-35
   9.800001E+01  5.400001E+01  1.000000E-35  1.000000E-35
   9.800001E+01  6.600001E+01  1.000000E-35  1.000000E-35
   9.800001E+01  7.800001E+01  1.000000E-35  1.000000E-35
   9.800001E+01  9.000001E+01  1.000000E-35  1.000000E-35
   9.800001E+01  1.020000E+02  1.000000E-35  1.000000E-35
   9.800001E+01  1.140000E+02  1.000000E-35  1.000000E-35
   9.800001E+01  1.260000E+02  5.665362E-09  1.699608E-08
   9.800001E+01  1.380000E+02  1.000000E-35  1.000000E-35
   9.800001E+01  1.500000E+02  1.000000E-35  1.000000E-35
   9.800001E+01  1.620000E+02  1.000000E-35  1.000000E-35
   9.800001E+01  1.740000E+02  1.000000E-35  1.000000E-35
   9.800001E+01  1.860000E+02  1.000000E-35  1.000000E-35
   9.800001E+01  1.980000E+02  1.000000E-35  1.000000E-35
   9.800001E+01  2.100000E+02  1.000000E-35  1.000000E-35
   9.800001E+01  2.220000E+02  1.000000E-35  1.000000E-35
   9.800001E+01  2.340000E+02  1.000000E-35  1.000000E-35
   9.800001E+01  2.460000E+02  1.000000E-35  1.000000E-35
   9.800001E+01  2.580000E+02  1.000000E-35  1.000000E-35
   9.800001E+01  2.700000E+02  1.000000E-35  1.000000E-35
   9.800001E+01  2.820000E+02  1.000000E-35  1.000000E-35
   9.800001E+01  2.940000E+02  1.000000E-35  1.000000E-35
   9.800001E+01  3.060000E+02  1.000000E-35  1.000000E-35
   9.800001E+01  3.180000E+02  1.000000E-35  1.000000E-35
   9.800001E+01  3.300000E+02  1.000000E-35  1.000000E-35
   9.800001E+01  3.420000E+02  1.000000E-35  1.000000E-35
   9.800001E+01  3.540000E+02  1.000000E-35  1.000000E-35
    
   1.020000E+02  6.000001E+00  1.000000E-35  1.000000E-35
   1.020000E+02  1.800000E+01  1.000000E-35  1.000000E-35
   1.020000E+02  3.000000E+01  1.000000E-35  1.000000E-35
   1.020000E+02  4.200000E+01  1.000000E-35  1.000000E-35
   1.020000E+02  5.400001E+01  1.000000E-35  1.000000E-35
   1.020000E+02  6.600001E+01  1.000000E-35  1.000000E-35
   1.020000E+02  7.800001E+01  1.000000E-35  1.000000E-35
   1.020000E+02  9.000001E+01  1.000000E-35  1.000000E-35
   1.020000E+02  1.020000E+02  1.000000E-35  1.000000E-35
   1.020000E+02  1.140000E+02  1.000000E-35  1.000000E-35
   1.020000E+02  1.260000E+02  1.000000E-35  1.000000E-35
   1.020000E+02  1.380000E+02  1.000000E-35  1.000000E-35
   1.020000E+02  1.500000E+02  1.000000E-35  1.000000E-35
   1.020000E+02  1.620000E+02  1.000000E-35  1.000000E-35
   1.020000E+02  1.740000E+02  1.000000E-35  1.000000E-35
   1.020000E+02  1.860000E+02  1.000000E-35  1.000000E-35
   1.020000E+02  1.980000E+02  1.000000E-35  1.000000E-35
   1.020000E+02  2.100000E+02  1.000000E-35  1.000000E-35
   1.020000E+02  2.220000E+02  1.000000E-35  1.000000E-35
   1.020000E+02  2.340000E+02  1.000000E-35  1.000000E-35
   1.020000E+02  2.460000E+02  1.000000E-35  1.000000E-35
   1.020000E+02  2.580000E+02  5.735563E-09  1.720668E-08
   1.020000E+02  2.700000E+02  1.000000E-35  1.000000E-35
   1.020000E+02  2.820000E+02  1.000000E-35  1.000000E-35
   1.020000E+02  2.940000E+02  5.735563E-09  1.720668E-08
   1.020000E+02  3.060000E+02  1.000000E-35  1.000000E-35
   1.020000E+02  3.180000E+02  1.000000E-35  1.000000E-35
   1.020000E+02  3.300000E+02  1.000000E-35  1.000000E-35
   1.020000E+02  3.420000E+02  1.000000E-35  1.000000E-35
   1.020000E+02  3.540000E+02  1.000000E-35  1.000000E-35
    
   1.060000E+02  6.000001E+00  1.000000E-35  1.000000E-35
   1.060000E+02  1.800000E+01  5.465452E-10  1.639635E-09
   1.060000E+02  3.000000E+01  1.000000E-35  1.000000E-35
   1.060000E+02  4.200000E+01  1.000000E-35  1.000000E-35
   1.060000E+02  5.400001E+01  1.000000E-35  1.000000E-35
   1.060000E+02  6.600001E+01  1.000000E-35  1.000000E-35
   1.060000E+02  7.800001E+01  1.000000E-35  1.000000E-35
   1.060000E+02  9.000001E+01  1.000000E-35  1.000000E-35
   1.060000E+02  1.020000E+02  1.000000E-35  1.000000E-35
   1.060000E+02  1.140000E+02  1.000000E-35  1.000000E-35
   1.060000E+02  1.260000E+02  1.000000E-35  1.000000E-35
   1.060000E+02  1.380000E+02  3.225397E-09  9.676190E-09
   1.060000E+02  1.500000E+02  1.000000E-35  1.000000E-35
   1.060000E+02  1.620000E+02  1.000000E-35  1.000000E-35
   1.060000E+02  1.740000E+02  1.000000E-35  1.000000E-35
   1.060000E+02  1.860000E+02  1.167263E-08  2.476138E-08
   1.060000E+02  1.980000E+02  1.000000E-35  1.000000E-35
   1.060000E+02  2.100000E+02  5.465452E-10  1.639635E-09
   1.060000E+02  2.220000E+02  1.000000E-35  1.000000E-35
   1.060000E+02  2.340000E+02  1.000000E-35  1.000000E-35
   1.060000E+02  2.460000E+02  1.000000E-35  1.000000E-35
   1.060000E+02  2.580000E+02  1.000000E-35  1.000000E-35
   1.060000E+02  2.700000E+02  1.000000E-35  1.000000E-35
   1.060000E+02  2.820000E+02  1.000000E-35  1.000000E-35
   1.060000E+02  2.940000E+02  1.000000E-35  1.000000E-35
   1.060000E+02  3.060000E+02  1.000000E-35  1.000000E-35
   1.060000E+02  3.180000E+02  1.000000E-35  1.000000E-35
   1.060000E+02  3.300000E+02  1.000000E-35  1.000000E-35
   1.060000E+02  3.420000E+02  1.000000E-35  1.000000E-35
   1.060000E+02  3.540000E+02  3.225397E-09  9.676190E-09
    
   1.100000E+02  6.000001E+00  1.000000E-35  1.000000E-35
   1.100000E+02  1.800000E+01  5.970279E-09  1.791083E-08
   1.100000E+02  3.000000E+01  1.000000E-35  1.000000E-35
   1.100000E+02  4.200000E+01  1.000000E-35  1.000000E-35
   1.100000E+02  5.400001E+01  5.970279E-09  1.791083E-08
   1.100000E+02  6.600001E+01  5.970279E-09  1.791083E-08
   1.100000E+02  7.800001E+01  5.970279E-09  1.791083E-08
   1.100000E+02  9.000001E+01  1.000000E-35  1.000000E-35
   1.100000E+02  1.020000E+02  1.000000E-35  1.000000E-35
   1.100000E+02  1.140000E+02  1.000000E-35  1.000000E-35
   1.100000E+02  1.260000E+02  5.970279E-09  1.791083E-08
   1.100000E+02  1.380000E+02  1.000000E-35  1.000000E-35
   1.100000E+02  1.500000E+02  1.000000E-35  1.000000E-35
   1.100000E+02  1.620000E+02  5.970279E-09  1.791083E-08
   1.100000E+02  1.740000E+02  1.000000E-35  1.000000E-35
   1.100000E+02  1.860000E+02  5.970279E-09  1.791083E-08
   1.100000E+02  1.980000E+02  6.529369E-09  1.798920E-08
   1.100000E+02  2.100000E+02  1.000000E-35  1.000000E-35
   1.100000E+02  2.220000E+02  1.000000E-35  1.000000E-35
   1.100000E+02  2.340000E+02  1.000000E-35  1.000000E-35
   1.100000E+02  2.460000E+02  3.299431E-09  9.898291E-09
   1.100000E+02  2.580000E+02  1.000000E-35  1.000000E-35
   1.100000E+02  2.700000E+02  5.590902E-10  1.677270E-09
   1.100000E+02  2.820000E+02  5.970279E-09  1.791083E-08
   1.100000E+02  2.940000E+02  5.970279E-09  1.791083E-08
   1.100000E+02  3.060000E+02  5.970279E-09  1.791083E-08
   1.100000E+02  3.180000E+02  1.000000E-35  1.000000E-35
   1.100000E+02  3.300000E+02  1.000000E-35  1.000000E-35
   1.100000E+02  3.420000E+02  5.970279E-09  1.791083E-08
   1.100000E+02  3.540000E+02  1.000000E-35  1.000000E-35
    
   1.140000E+02  6.000001E+00  3.393866E-09  1.018160E-08
   1.140000E+02  1.800000E+01  1.000000E-35  1.000000E-35
   1.140000E+02  3.000000E+01  1.907005E-08  2.976873E-08
   1.140000E+02  4.200000E+01  1.000000E-35  1.000000E-35
   1.140000E+02  5.400001E+01  1.000000E-35  1.000000E-35
   1.140000E+02  6.600001E+01  3.393866E-09  1.018160E-08
   1.140000E+02  7.800001E+01  1.292889E-08  2.338277E-08
   1.140000E+02  9.000001E+01  1.228232E-08  2.605472E-08
   1.140000E+02  1.020000E+02  6.141158E-09  1.842347E-08
   1.140000E+02  1.140000E+02  1.000000E-35  1.000000E-35
   1.140000E+02  1.260000E+02  6.141158E-09  1.842347E-08
   1.140000E+02  1.380000E+02  6.141158E-09  1.842347E-08
   1.140000E+02  1.500000E+02  1.000000E-35  1.000000E-35
   1.140000E+02  1.620000E+02  1.228232E-08  2.605472E-08
   1.140000E+02  1.740000E+02  9.535024E-09  2.104968E-08
   1.140000E+02  1.860000E+02  9.535024E-09  2.104968E-08
   1.140000E+02  1.980000E+02  6.141158E-09  1.842347E-08
   1.140000E+02  2.100000E+02  1.000000E-35  1.000000E-35
   1.140000E+02  2.220000E+02  6.141158E-09  1.842347E-08
   1.140000E+02  2.340000E+02  9.535024E-09  2.104968E-08
   1.140000E+02  2.460000E+02  6.141158E-09  1.842347E-08
   1.140000E+02  2.580000E+02  9.535024E-09  2.104968E-08
   1.140000E+02  2.700000E+02  1.842347E-08  3.191038E-08
   1.140000E+02  2.820000E+02  1.000000E-35  1.000000E-35
   1.140000E+02  2.940000E+02  6.141158E-09  1.842347E-08
   1.140000E+02  3.060000E+02  6.141158E-09  1.842347E-08
   1.140000E+02  3.180000E+02  1.000000E-35  1.000000E-35
   1.140000E+02  3.300000E+02  1.000000E-35  1.000000E-35
   1.140000E+02  3.420000E+02  6.141158E-09  1.842347E-08
   1.140000E+02  3.540000E+02  6.141158E-09  1.842347E-08
    
   1.180000E+02  6.000001E+00  1.270795E-08  2.695762E-08
   1.180000E+02  1.800000E+01  9.865453E-09  2.177914E-08
   1.180000E+02  3.000000E+01  1.621943E-08  2.894283E-08
   1.180000E+02  4.200000E+01  9.865453E-09  2.177914E-08
   1.180000E+02  5.400001E+01  1.621943E-08  2.894283E-08
   1.180000E+02  6.600001E+01  9.865453E-09  2.177914E-08
   1.180000E+02  7.800001E+01  1.270795E-08  2.695762E-08
   1.180000E+02  9.000001E+01  1.621943E-08  2.894283E-08
   1.180000E+02  1.020000E+02  6.948997E-09  1.914532E-08
   1.180000E+02  1.140000E+02  1.270795E-08  2.695762E-08
   1.180000E+02  1.260000E+02  2.257340E-08  3.465608E-08
   1.180000E+02  1.380000E+02  9.865453E-09  2.177914E-08
   1.180000E+02  1.500000E+02  6.682810E-09  1.908743E-08
   1.180000E+02  1.620000E+02  2.257340E-08  3.465608E-08
   1.180000E+02  1.740000E+02  1.906193E-08  3.301621E-08
   1.180000E+02  1.860000E+02  1.270795E-08  2.695762E-08
   1.180000E+02  1.980000E+02  1.337693E-08  2.419308E-08
   1.180000E+02  2.100000E+02  6.353975E-09  1.906192E-08
   1.180000E+02  2.220000E+02  6.353975E-09  1.906192E-08
   1.180000E+02  2.340000E+02  6.353975E-09  1.906192E-08
   1.180000E+02  2.460000E+02  1.270795E-08  2.695762E-08
   1.180000E+02  2.580000E+02  1.621943E-08  2.894283E-08
   1.180000E+02  2.700000E+02  6.353975E-09  1.906192E-08
   1.180000E+02  2.820000E+02  1.906193E-08  3.301621E-08
   1.180000E+02  2.940000E+02  1.270795E-08  2.695762E-08
   1.180000E+02  3.060000E+02  1.270795E-08  2.695762E-08
   1.180000E+02  3.180000E+02  9.865453E-09  2.177914E-08
   1.180000E+02  3.300000E+02  1.000000E-35  1.000000E-35
   1.180000E+02  3.420000E+02  1.000000E-35  1.000000E-35
   1.180000E+02  3.540000E+02  1.621943E-08  2.894283E-08
    
   1.220000E+02  6.000001E+00  1.027144E-08  2.267541E-08
   1.220000E+02  1.800000E+01  7.311970E-09  1.551102E-08
   1.220000E+02  3.000000E+01  1.323092E-08  2.806701E-08
   1.220000E+02  4.200000E+01  1.323092E-08  2.806701E-08
   1.220000E+02  5.400001E+01  2.054289E-08  3.206787E-08
   1.220000E+02  6.600001E+01  1.323092E-08  2.806701E-08
   1.220000E+02  7.800001E+01  1.323092E-08  2.806701E-08
   1.220000E+02  9.000001E+01  3.655985E-09  1.096795E-08
   1.220000E+02  1.020000E+02  3.011782E-08  4.118019E-08
   1.220000E+02  1.140000E+02  4.630821E-08  5.250851E-08
   1.220000E+02  1.260000E+02  1.000000E-35  1.000000E-35
   1.220000E+02  1.380000E+02  6.615459E-09  1.984637E-08
   1.220000E+02  1.500000E+02  2.646184E-08  3.969273E-08
   1.220000E+02  1.620000E+02  3.673328E-08  4.571307E-08
   1.220000E+02  1.740000E+02  1.000000E-35  1.000000E-35
   1.220000E+02  1.860000E+02  2.350236E-08  3.608227E-08
   1.220000E+02  1.980000E+02  1.984638E-08  3.437491E-08
   1.220000E+02  2.100000E+02  1.392743E-08  2.518869E-08
   1.220000E+02  2.220000E+02  1.323092E-08  2.806701E-08
   1.220000E+02  2.340000E+02  2.350236E-08  3.608227E-08
   1.220000E+02  2.460000E+02  2.350236E-08  3.608227E-08
   1.220000E+02  2.580000E+02  2.350236E-08  3.608227E-08
   1.220000E+02  2.700000E+02  2.715835E-08  3.771241E-08
   1.220000E+02  2.820000E+02  1.984638E-08  3.437491E-08
   1.220000E+02  2.940000E+02  1.688690E-08  3.013391E-08
   1.220000E+02  3.060000E+02  1.984638E-08  3.437491E-08
   1.220000E+02  3.180000E+02  2.350236E-08  3.608227E-08
   1.220000E+02  3.300000E+02  1.984638E-08  3.437491E-08
   1.220000E+02  3.420000E+02  1.722927E-08  3.015141E-08
   1.220000E+02  3.540000E+02  2.054289E-08  3.206787E-08
    
   1.260000E+02  6.000001E+00  1.076699E-08  2.376939E-08
   1.260000E+02  1.800000E+01  6.241160E-08  6.241150E-08
   1.260000E+02  3.000000E+01  3.540323E-08  4.467176E-08
   1.260000E+02  4.200000E+01  2.773849E-08  4.160771E-08
   1.260000E+02  5.400001E+01  2.080387E-08  3.603334E-08
   1.260000E+02  6.600001E+01  4.233785E-08  4.927845E-08
   1.260000E+02  7.800001E+01  1.386925E-08  2.942110E-08
   1.260000E+02  9.000001E+01  3.850548E-08  4.791851E-08
   1.260000E+02  1.020000E+02  2.463624E-08  3.782306E-08
   1.260000E+02  1.140000E+02  2.463624E-08  3.782306E-08
   1.260000E+02  1.260000E+02  2.080387E-08  3.603334E-08
   1.260000E+02  1.380000E+02  6.934623E-09  2.080386E-08
   1.260000E+02  1.500000E+02  3.295037E-08  4.121583E-08
   1.260000E+02  1.620000E+02  3.222026E-08  4.321087E-08
   1.260000E+02  1.740000E+02  2.846860E-08  3.953185E-08
   1.260000E+02  1.860000E+02  1.386925E-08  2.942110E-08
   1.260000E+02  1.980000E+02  3.467311E-08  4.651882E-08
   1.260000E+02  2.100000E+02  5.620710E-08  5.739306E-08
   1.260000E+02  2.220000E+02  3.157086E-08  4.316693E-08
   1.260000E+02  2.340000E+02  2.773849E-08  4.160771E-08
   1.260000E+02  2.460000E+02  1.770161E-08  3.158772E-08
   1.260000E+02  2.580000E+02  2.153398E-08  3.361498E-08
   1.260000E+02  2.700000E+02  2.153398E-08  3.361498E-08
   1.260000E+02  2.820000E+02  2.153398E-08  3.361498E-08
   1.260000E+02  2.940000E+02  3.467311E-08  4.651882E-08
   1.260000E+02  3.060000E+02  2.463624E-08  3.782306E-08
   1.260000E+02  3.180000E+02  1.076699E-08  2.376939E-08
   1.260000E+02  3.300000E+02  1.770161E-08  3.158772E-08
   1.260000E+02  3.420000E+02  4.927247E-08  5.348985E-08
   1.260000E+02  3.540000E+02  1.770161E-08  3.158772E-08
    
   1.300000E+02  6.000001E+00  4.798914E-08  5.517013E-08
   1.300000E+02  1.800000E+01  5.203650E-08  5.649046E-08
   1.300000E+02  3.000000E+01  2.601825E-08  3.994481E-08
   1.300000E+02  4.200000E+01  5.531278E-08  5.938402E-08
   1.300000E+02  5.400001E+01  6.263641E-08  6.331808E-08
   1.300000E+02  6.600001E+01  1.541834E-08  2.788509E-08
   1.300000E+02  7.800001E+01  1.869462E-08  3.335969E-08
   1.300000E+02  9.000001E+01  1.137098E-08  2.510278E-08
   1.300000E+02  1.020000E+02  5.936013E-08  6.061262E-08
   1.300000E+02  1.140000E+02  3.661816E-08  4.912837E-08
   1.300000E+02  1.260000E+02  1.000000E-35  1.000000E-35
   1.300000E+02  1.380000E+02  5.599860E-08  5.941965E-08
   1.300000E+02  1.500000E+02  4.066551E-08  5.060658E-08
   1.300000E+02  1.620000E+02  7.323632E-09  2.197089E-08
   1.300000E+02  1.740000E+02  4.066551E-08  5.060658E-08
   1.300000E+02  1.860000E+02  3.661816E-08  4.912837E-08
   1.300000E+02  1.980000E+02  4.394179E-08  5.381743E-08
   1.300000E+02  2.100000E+02  4.394179E-08  5.381743E-08
   1.300000E+02  2.220000E+02  1.000000E-35  1.000000E-35
   1.300000E+02  2.340000E+02  4.066551E-08  5.060658E-08
   1.300000E+02  2.460000E+02  4.394179E-08  5.381743E-08
   1.300000E+02  2.580000E+02  2.601825E-08  3.994481E-08
   1.300000E+02  2.700000E+02  3.411295E-08  4.347925E-08
   1.300000E+02  2.820000E+02  3.334188E-08  4.558845E-08
   1.300000E+02  2.940000E+02  1.464726E-08  3.107153E-08
   1.300000E+02  3.060000E+02  4.066551E-08  5.060658E-08
   1.300000E+02  3.180000E+02  5.858906E-08  6.214299E-08
   1.300000E+02  3.300000E+02  2.929453E-08  4.394176E-08
   1.300000E+02  3.420000E+02  3.738923E-08  4.717770E-08
   1.300000E+02  3.540000E+02  5.896807E-08  6.215339E-08
    
   1.340000E+02  6.000001E+00  5.459394E-08  6.190363E-08
   1.340000E+02  1.800000E+01  2.339740E-08  4.052547E-08
   1.340000E+02  3.000000E+01  5.183530E-08  5.879301E-08
   1.340000E+02  4.200000E+01  4.330581E-08  5.389232E-08
   1.340000E+02  5.400001E+01  7.101335E-08  6.865772E-08
   1.340000E+02  6.600001E+01  7.165292E-08  7.026045E-08
   1.340000E+02  7.800001E+01  4.679481E-08  5.731164E-08
   1.340000E+02  9.000001E+01  3.192689E-08  4.684604E-08
   1.340000E+02  1.020000E+02  6.752435E-08  6.583039E-08
   1.340000E+02  1.140000E+02  9.523188E-08  7.837816E-08
   1.340000E+02  1.260000E+02  6.670321E-08  6.742914E-08
   1.340000E+02  1.380000E+02  2.770754E-08  4.253832E-08
   1.340000E+02  1.500000E+02  5.541508E-08  6.015822E-08
   1.340000E+02  1.620000E+02  7.183448E-08  6.708825E-08
   1.340000E+02  1.740000E+02  2.770754E-08  4.253832E-08
   1.340000E+02  1.860000E+02  3.119654E-08  4.679477E-08
   1.340000E+02  1.980000E+02  5.110494E-08  5.875217E-08
   1.340000E+02  2.100000E+02  4.330581E-08  5.389232E-08
   1.340000E+02  2.220000E+02  5.623621E-08  5.836063E-08
   1.340000E+02  2.340000E+02  6.239308E-08  6.617776E-08
   1.340000E+02  2.460000E+02  4.330581E-08  5.389232E-08
   1.340000E+02  2.580000E+02  2.339740E-08  4.052547E-08
   1.340000E+02  2.700000E+02  3.119654E-08  4.679477E-08
   1.340000E+02  2.820000E+02  7.019221E-08  7.019210E-08
   1.340000E+02  2.940000E+02  7.881248E-08  7.253494E-08
   1.340000E+02  3.060000E+02  3.981681E-08  5.024081E-08
   1.340000E+02  3.180000E+02  2.339740E-08  4.052547E-08
   1.340000E+02  3.300000E+02  4.719843E-08  5.732443E-08
   1.340000E+02  3.420000E+02  4.330581E-08  5.389232E-08
   1.340000E+02  3.540000E+02  6.670321E-08  6.742914E-08
    
   1.380000E+02  6.000001E+00  4.192177E-08  5.624391E-08
   1.380000E+02  1.800000E+01  4.655532E-08  5.793621E-08
   1.380000E+02  3.000000E+01  5.030613E-08  6.161210E-08
   1.380000E+02  4.200000E+01  8.009274E-08  7.672872E-08
   1.380000E+02  5.400001E+01  8.009274E-08  7.672872E-08
   1.380000E+02  6.600001E+01  8.009274E-08  7.672872E-08
   1.380000E+02  7.800001E+01  9.686145E-08  8.457328E-08
   1.380000E+02  9.000001E+01  9.222790E-08  8.342311E-08
   1.380000E+02  1.020000E+02  2.603581E-08  4.064243E-08
   1.380000E+02  1.140000E+02  3.520532E-08  4.785426E-08
   1.380000E+02  1.260000E+02  4.192177E-08  5.624391E-08
   1.380000E+02  1.380000E+02  5.957323E-08  6.467228E-08
   1.380000E+02  1.500000E+02  3.817097E-08  5.219128E-08
   1.380000E+02  1.620000E+02  7.170839E-08  7.248879E-08
   1.380000E+02  1.740000E+02  3.442017E-08  4.779626E-08
   1.380000E+02  1.860000E+02  8.472629E-08  7.797770E-08
   1.380000E+02  1.980000E+02  7.634194E-08  7.380955E-08
   1.380000E+02  2.100000E+02  4.655532E-08  5.793621E-08
   1.380000E+02  2.220000E+02  5.030613E-08  6.161210E-08
   1.380000E+02  2.340000E+02  3.353742E-08  5.030609E-08
   1.380000E+02  2.460000E+02  2.515306E-08  4.356636E-08
   1.380000E+02  2.580000E+02  6.785999E-08  7.118248E-08
   1.380000E+02  2.700000E+02  8.097549E-08  7.510710E-08
   1.380000E+02  2.820000E+02  8.560904E-08  7.638260E-08
   1.380000E+02  2.940000E+02  7.170839E-08  7.248879E-08
   1.380000E+02  3.060000E+02  5.030613E-08  6.161210E-08
   1.380000E+02  3.180000E+02  1.006123E-07  8.713258E-08
   1.380000E+02  3.300000E+02  6.332403E-08  6.798493E-08
   1.380000E+02  3.420000E+02  5.030613E-08  6.161210E-08
   1.380000E+02  3.540000E+02  5.957323E-08  6.467228E-08
    
   1.420000E+02  6.000001E+00  7.385959E-08  7.541801E-08
   1.420000E+02  1.800000E+01  5.971110E-08  6.864613E-08
   1.420000E+02  3.000000E+01  8.800808E-08  8.163002E-08
   1.420000E+02  4.200000E+01  5.059858E-08  6.296787E-08
   1.420000E+02  5.400001E+01  5.971110E-08  6.864613E-08
   1.420000E+02  6.600001E+01  4.556261E-08  6.112860E-08
   1.420000E+02  7.800001E+01  5.059858E-08  6.296787E-08
   1.420000E+02  9.000001E+01  6.882362E-08  7.388931E-08
   1.420000E+02  1.020000E+02  5.563454E-08  6.475492E-08
   1.420000E+02  1.140000E+02  6.474707E-08  7.028896E-08
   1.420000E+02  1.260000E+02  5.059858E-08  6.296787E-08
   1.420000E+02  1.380000E+02  1.052737E-07  9.191833E-08
   1.420000E+02  1.500000E+02  8.704866E-08  8.339248E-08
   1.420000E+02  1.620000E+02  1.335707E-07  1.019811E-07
   1.420000E+02  1.740000E+02  4.652202E-08  5.870145E-08
   1.420000E+02  1.860000E+02  8.800808E-08  8.163002E-08
   1.420000E+02  1.980000E+02  7.290017E-08  7.732220E-08
   1.420000E+02  2.100000E+02  6.882362E-08  7.388931E-08
   1.420000E+02  2.220000E+02  8.201269E-08  8.201256E-08
   1.420000E+02  2.340000E+02  3.237353E-08  4.970184E-08
   1.420000E+02  2.460000E+02  1.143862E-07  9.589742E-08
   1.420000E+02  2.580000E+02  6.378765E-08  7.232831E-08
   1.420000E+02  2.700000E+02  1.143862E-07  9.589742E-08
   1.420000E+02  2.820000E+02  5.971110E-08  6.864613E-08
   1.420000E+02  2.940000E+02  4.148605E-08  5.672401E-08
   1.420000E+02  3.060000E+02  9.616118E-08  8.775900E-08
   1.420000E+02  3.180000E+02  8.297211E-08  8.021979E-08
   1.420000E+02  3.300000E+02  4.556261E-08  6.112860E-08
   1.420000E+02  3.420000E+02  3.418629E-08  4.675448E-08
   1.420000E+02  3.540000E+02  1.203816E-07  9.557047E-08
    
   1.460000E+02  6.000001E+00  7.577359E-08  8.135083E-08
   1.460000E+02  1.800000E+01  6.574086E-08  7.557818E-08
   1.460000E+02  3.000000E+01  4.567541E-08  6.245213E-08
   1.460000E+02  4.200000E+01  1.013836E-07  9.330818E-08
   1.460000E+02  5.400001E+01  1.103600E-07  9.982416E-08
   1.460000E+02  6.600001E+01  5.016363E-08  6.730151E-08
   1.460000E+02  7.800001E+01  5.016363E-08  6.730151E-08
   1.460000E+02  9.000001E+01  7.577359E-08  8.135083E-08
   1.460000E+02  1.020000E+02  5.570814E-08  6.932651E-08
   1.460000E+02  1.140000E+02  4.567541E-08  6.245213E-08
   1.460000E+02  1.260000E+02  7.022908E-08  7.963219E-08
   1.460000E+02  1.380000E+02  1.169608E-07  9.944335E-08
   1.460000E+02  1.500000E+02  3.115447E-08  4.863277E-08
   1.460000E+02  1.620000E+02  7.128538E-08  7.738691E-08
   1.460000E+02  1.740000E+02  9.583904E-08  9.181365E-08
   1.460000E+02  1.860000E+02  6.019635E-08  7.372509E-08
   1.460000E+02  1.980000E+02  8.580631E-08  8.674014E-08
   1.460000E+02  2.100000E+02  5.570814E-08  6.932651E-08
   1.460000E+02  2.220000E+02  8.026180E-08  8.513037E-08
   1.460000E+02  2.340000E+02  4.567541E-08  6.245213E-08
   1.460000E+02  2.460000E+02  7.022908E-08  7.963219E-08
   1.460000E+02  2.580000E+02  9.029453E-08  9.029438E-08
   1.460000E+02  2.700000E+02  4.013090E-08  6.019631E-08
   1.460000E+02  2.820000E+02  3.115447E-08  4.863277E-08
   1.460000E+02  2.940000E+02  4.013090E-08  6.019631E-08
   1.460000E+02  3.060000E+02  6.574086E-08  7.557818E-08
   1.460000E+02  3.180000E+02  5.121993E-08  6.462926E-08
   1.460000E+02  3.300000E+02  8.131810E-08  8.303390E-08
   1.460000E+02  3.420000E+02  9.135083E-08  8.832057E-08
   1.460000E+02  3.540000E+02  9.583904E-08  9.181365E-08
    
   1.500000E+02  6.000001E+00  1.358269E-07  1.146997E-07
   1.500000E+02  1.800000E+01  1.083664E-07  1.005129E-07
   1.500000E+02  3.000000E+01  1.742136E-08  3.845969E-08
   1.500000E+02  4.200000E+01  7.352365E-08  8.452557E-08
   1.500000E+02  5.400001E+01  8.474411E-08  9.098162E-08
   1.500000E+02  6.600001E+01  5.610229E-08  7.526905E-08
   1.500000E+02  7.800001E+01  2.864182E-08  5.111002E-08
   1.500000E+02  9.000001E+01  7.972456E-08  8.654843E-08
   1.500000E+02  1.020000E+02  1.071850E-07  1.026831E-07
   1.500000E+02  1.140000E+02  1.470473E-07  1.195371E-07
   1.500000E+02  1.260000E+02  8.474411E-08  9.098162E-08
   1.500000E+02  1.380000E+02  8.077530E-08  8.660581E-08
   1.500000E+02  1.500000E+02  1.071850E-07  1.026831E-07
   1.500000E+02  1.620000E+02  2.864182E-08  5.111002E-08
   1.500000E+02  1.740000E+02  6.955485E-08  7.979651E-08
   1.500000E+02  1.860000E+02  1.071850E-07  1.026831E-07
   1.500000E+02  1.980000E+02  1.009841E-07  1.009840E-07
   1.500000E+02  2.100000E+02  1.246064E-07  1.096492E-07
   1.500000E+02  2.220000E+02  1.122046E-07  1.064464E-07
   1.500000E+02  2.340000E+02  7.854321E-08  8.905951E-08
   1.500000E+02  2.460000E+02  6.230320E-08  7.753379E-08
   1.500000E+02  2.580000E+02  1.122046E-07  1.064464E-07
   1.500000E+02  2.700000E+02  9.596457E-08  9.700895E-08
   1.500000E+02  2.820000E+02  1.207682E-07  1.038988E-07
   1.500000E+02  2.940000E+02  5.610229E-08  7.526905E-08
   1.500000E+02  3.060000E+02  1.095477E-07  9.829487E-08
   1.500000E+02  3.180000E+02  8.579486E-08  9.103621E-08
   1.500000E+02  3.300000E+02  1.009841E-07  1.009840E-07
   1.500000E+02  3.420000E+02  1.470473E-07  1.195371E-07
   1.500000E+02  3.540000E+02  7.972456E-08  8.654843E-08
    
   1.540000E+02  6.000001E+00  1.023832E-07  1.085936E-07
   1.540000E+02  1.800000E+01  3.839370E-08  6.649980E-08
   1.540000E+02  3.000000E+01  7.678740E-08  9.404487E-08
   1.540000E+02  4.200000E+01  1.151811E-07  1.151809E-07
   1.540000E+02  5.400001E+01  9.093273E-08  9.871593E-08
   1.540000E+02  6.600001E+01  1.421243E-07  1.250644E-07
   1.540000E+02  7.800001E+01  1.291775E-07  1.214645E-07
   1.540000E+02  9.000001E+01  5.826426E-08  7.966490E-08
   1.540000E+02  1.020000E+02  5.119160E-08  7.678734E-08
   1.540000E+02  1.140000E+02  7.678740E-08  9.404487E-08
   1.540000E+02  1.260000E+02  7.813483E-08  9.094376E-08
   1.540000E+02  1.380000E+02  1.158434E-07  1.151980E-07
   1.540000E+02  1.500000E+02  9.665796E-08  1.037724E-07
   1.540000E+02  1.620000E+02  1.490480E-07  1.291429E-07
   1.540000E+02  1.740000E+02  9.800539E-08  1.009705E-07
   1.540000E+02  1.860000E+02  4.546636E-08  6.980275E-08
   1.540000E+02  1.980000E+02  1.094559E-07  1.106471E-07
   1.540000E+02  2.100000E+02  3.839370E-08  6.649980E-08
   1.540000E+02  2.220000E+02  9.665796E-08  1.037724E-07
   1.540000E+02  2.340000E+02  8.958529E-08  1.015800E-07
   1.540000E+02  2.460000E+02  7.678740E-08  9.404487E-08
   1.540000E+02  2.580000E+02  1.222538E-07  1.171189E-07
   1.540000E+02  2.700000E+02  8.958529E-08  1.015800E-07
   1.540000E+02  2.820000E+02  1.165285E-07  1.126631E-07
   1.540000E+02  2.940000E+02  6.398950E-08  8.585084E-08
   1.540000E+02  3.060000E+02  7.678740E-08  9.404487E-08
   1.540000E+02  3.180000E+02  6.465182E-08  8.587383E-08
   1.540000E+02  3.300000E+02  8.386006E-08  9.640869E-08
   1.540000E+02  3.420000E+02  5.826426E-08  7.966490E-08
   1.540000E+02  3.540000E+02  5.119160E-08  7.678734E-08
    
   1.580000E+02  6.000001E+00  5.990530E-08  8.985789E-08
   1.580000E+02  1.800000E+01  2.096686E-07  1.681084E-07
   1.580000E+02  3.000000E+01  1.213874E-07  1.239487E-07
   1.580000E+02  4.200000E+01  8.315819E-08  1.034870E-07
   1.580000E+02  5.400001E+01  1.198106E-07  1.270782E-07
   1.580000E+02  6.600001E+01  5.990530E-08  8.985789E-08
   1.580000E+02  7.800001E+01  1.198106E-07  1.270782E-07
   1.580000E+02  9.000001E+01  1.048343E-07  1.188708E-07
   1.580000E+02  1.020000E+02  5.990530E-08  8.985789E-08
   1.580000E+02  1.140000E+02  1.213874E-07  1.239487E-07
   1.580000E+02  1.260000E+02  9.813451E-08  1.128191E-07
   1.580000E+02  1.380000E+02  9.813451E-08  1.128191E-07
   1.580000E+02  1.500000E+02  5.320554E-08  8.168441E-08
   1.580000E+02  1.620000E+02  1.048343E-07  1.188708E-07
   1.580000E+02  1.740000E+02  8.315819E-08  1.034870E-07
   1.580000E+02  1.860000E+02  1.730161E-07  1.510667E-07
   1.580000E+02  1.980000E+02  1.580398E-07  1.442309E-07
   1.580000E+02  2.100000E+02  1.146876E-07  1.181574E-07
   1.580000E+02  2.220000E+02  1.280872E-07  1.294811E-07
   1.580000E+02  2.340000E+02  1.647396E-07  1.490123E-07
   1.580000E+02  2.460000E+02  9.283721E-08  1.065071E-07
   1.580000E+02  2.580000E+02  7.488163E-08  1.004642E-07
   1.580000E+02  2.700000E+02  7.645842E-08  9.647517E-08
   1.580000E+02  2.820000E+02  8.985796E-08  1.100530E-07
   1.580000E+02  2.940000E+02  9.813451E-08  1.128191E-07
   1.580000E+02  3.060000E+02  7.628410E-08  1.005522E-07
   1.580000E+02  3.180000E+02  1.446403E-07  1.341580E-07
   1.580000E+02  3.300000E+02  5.320554E-08  8.168441E-08
   1.580000E+02  3.420000E+02  7.488163E-08  1.004642E-07
   1.580000E+02  3.540000E+02  9.813451E-08  1.128191E-07
    
   1.620000E+02  6.000001E+00  9.077545E-08  1.217879E-07
   1.620000E+02  1.800000E+01  1.189638E-07  1.367653E-07
   1.620000E+02  3.000000E+01  5.446527E-08  9.433657E-08
   1.620000E+02  4.200000E+01  1.461803E-07  1.540766E-07
   1.620000E+02  5.400001E+01  6.449855E-08  9.902214E-08
   1.620000E+02  6.600001E+01  1.815509E-08  5.446526E-08
   1.620000E+02  7.800001E+01  1.089305E-07  1.334120E-07
   1.620000E+02  9.000001E+01  5.446527E-08  9.433657E-08
   1.620000E+02  1.020000E+02  5.446527E-08  9.433657E-08
   1.620000E+02  1.140000E+02  5.446527E-08  9.433657E-08
   1.620000E+02  1.260000E+02  1.089305E-07  1.334120E-07
   1.620000E+02  1.380000E+02  1.270856E-07  1.441014E-07
   1.620000E+02  1.500000E+02  1.000000E-35  1.000000E-35
   1.620000E+02  1.620000E+02  6.449855E-08  9.902214E-08
   1.620000E+02  1.740000E+02  1.027202E-07  1.207635E-07
   1.620000E+02  1.860000E+02  1.270856E-07  1.441014E-07
   1.620000E+02  1.980000E+02  9.077545E-08  1.217879E-07
   1.620000E+02  2.100000E+02  1.089305E-07  1.334120E-07
   1.620000E+02  2.220000E+02  1.915842E-07  1.748443E-07
   1.620000E+02  2.340000E+02  1.089305E-07  1.334120E-07
   1.620000E+02  2.460000E+02  2.988851E-08  6.243779E-08
   1.620000E+02  2.580000E+02  7.262036E-08  1.089305E-07
   1.620000E+02  2.700000E+02  5.446527E-08  9.433657E-08
   1.620000E+02  2.820000E+02  7.262036E-08  1.089305E-07
   1.620000E+02  2.940000E+02  1.270856E-07  1.441014E-07
   1.620000E+02  3.060000E+02  9.077545E-08  1.217879E-07
   1.620000E+02  3.180000E+02  7.262036E-08  1.089305E-07
   1.620000E+02  3.300000E+02  3.631018E-08  7.702550E-08
   1.620000E+02  3.420000E+02  7.262036E-08  1.089305E-07
   1.620000E+02  3.540000E+02  1.089305E-07  1.334120E-07
    
   1.660000E+02  6.000001E+00  9.276107E-08  1.391415E-07
   1.660000E+02  1.800000E+01  1.391416E-07  1.704128E-07
   1.660000E+02  3.000000E+01  1.287673E-07  1.602456E-07
   1.660000E+02  4.200000E+01  1.159513E-07  1.555649E-07
   1.660000E+02  5.400001E+01  9.276107E-08  1.391415E-07
   1.660000E+02  6.600001E+01  6.957080E-08  1.205001E-07
   1.660000E+02  7.800001E+01  6.957080E-08  1.205001E-07
   1.660000E+02  9.000001E+01  9.276107E-08  1.391415E-07
   1.660000E+02  1.020000E+02  1.159513E-07  1.555649E-07
   1.660000E+02  1.140000E+02  2.319027E-08  6.957079E-08
   1.660000E+02  1.260000E+02  2.319027E-08  6.957079E-08
   1.660000E+02  1.380000E+02  1.159513E-07  1.555649E-07
   1.660000E+02  1.500000E+02  1.159513E-07  1.555649E-07
   1.660000E+02  1.620000E+02  9.276107E-08  1.391415E-07
   1.660000E+02  1.740000E+02  1.159513E-07  1.555649E-07
   1.660000E+02  1.860000E+02  9.276107E-08  1.391415E-07
   1.660000E+02  1.980000E+02  6.957080E-08  1.205001E-07
   1.660000E+02  2.100000E+02  1.855221E-07  1.967756E-07
   1.660000E+02  2.220000E+02  3.600620E-08  7.948789E-08
   1.660000E+02  2.340000E+02  1.391416E-07  1.704128E-07
   1.660000E+02  2.460000E+02  8.238673E-08  1.264852E-07
   1.660000E+02  2.580000E+02  1.391416E-07  1.704128E-07
   1.660000E+02  2.700000E+02  6.957080E-08  1.205001E-07
   1.660000E+02  2.820000E+02  9.276107E-08  1.391415E-07
   1.660000E+02  2.940000E+02  8.238673E-08  1.264852E-07
   1.660000E+02  3.060000E+02  8.238673E-08  1.264852E-07
   1.660000E+02  3.180000E+02  1.623319E-07  1.840668E-07
   1.660000E+02  3.300000E+02  6.957080E-08  1.205001E-07
   1.660000E+02  3.420000E+02  9.276107E-08  1.391415E-07
   1.660000E+02  3.540000E+02  1.391416E-07  1.704128E-07
    
   1.700000E+02  6.000001E+00  6.461612E-08  1.370714E-07
   1.700000E+02  1.800000E+01  1.292322E-07  1.938482E-07
   1.700000E+02  3.000000E+01  6.461612E-08  1.370714E-07
   1.700000E+02  4.200000E+01  6.461612E-08  1.370714E-07
   1.700000E+02  5.400001E+01  1.292322E-07  1.938482E-07
   1.700000E+02  6.600001E+01  2.261564E-07  2.564370E-07
   1.700000E+02  7.800001E+01  9.692419E-08  1.678775E-07
   1.700000E+02  9.000001E+01  1.292322E-07  1.938482E-07
   1.700000E+02  1.020000E+02  9.692419E-08  1.678775E-07
   1.700000E+02  1.140000E+02  1.938484E-07  2.374145E-07
   1.700000E+02  1.260000E+02  9.692419E-08  1.678775E-07
   1.700000E+02  1.380000E+02  1.000000E-35  1.000000E-35
   1.700000E+02  1.500000E+02  9.692419E-08  1.678775E-07
   1.700000E+02  1.620000E+02  9.692419E-08  1.678775E-07
   1.700000E+02  1.740000E+02  3.230806E-08  9.692417E-08
   1.700000E+02  1.860000E+02  2.117032E-07  2.433820E-07
   1.700000E+02  1.980000E+02  6.461612E-08  1.370714E-07
   1.700000E+02  2.100000E+02  6.461612E-08  1.370714E-07
   1.700000E+02  2.220000E+02  9.692419E-08  1.678775E-07
   1.700000E+02  2.340000E+02  8.247094E-08  1.471656E-07
   1.700000E+02  2.460000E+02  3.230806E-08  9.692417E-08
   1.700000E+02  2.580000E+02  6.461612E-08  1.370714E-07
   1.700000E+02  2.700000E+02  9.692419E-08  1.678775E-07
   1.700000E+02  2.820000E+02  1.615403E-07  2.167289E-07
   1.700000E+02  2.940000E+02  1.000000E-35  1.000000E-35
   1.700000E+02  3.060000E+02  9.692419E-08  1.678775E-07
   1.700000E+02  3.180000E+02  1.147790E-07  1.762158E-07
   1.700000E+02  3.300000E+02  9.692419E-08  1.678775E-07
   1.700000E+02  3.420000E+02  1.292322E-07  1.938482E-07
   1.700000E+02  3.540000E+02  6.461612E-08  1.370714E-07
    
   1.740000E+02  6.000001E+00  5.367192E-08  1.610157E-07
   1.740000E+02  1.800000E+01  1.610157E-07  2.788873E-07
   1.740000E+02  3.000000E+01  5.367192E-08  1.610157E-07
   1.740000E+02  4.200000E+01  5.367192E-08  1.610157E-07
   1.740000E+02  5.400001E+01  5.367192E-08  1.610157E-07
   1.740000E+02  6.600001E+01  1.000000E-35  1.000000E-35
   1.740000E+02  7.800001E+01  1.610157E-07  2.788873E-07
   1.740000E+02  9.000001E+01  1.073438E-07  2.277106E-07
   1.740000E+02  1.020000E+02  1.073438E-07  2.277106E-07
   1.740000E+02  1.140000E+02  1.073438E-07  2.277106E-07
   1.740000E+02  1.260000E+02  1.073438E-07  2.277106E-07
   1.740000E+02  1.380000E+02  5.367192E-08  1.610157E-07
   1.740000E+02  1.500000E+02  1.073438E-07  2.277106E-07
   1.740000E+02  1.620000E+02  1.073438E-07  2.277106E-07
   1.740000E+02  1.740000E+02  1.000000E-35  1.000000E-35
   1.740000E+02  1.860000E+02  1.073438E-07  2.277106E-07
   1.740000E+02  1.980000E+02  1.073438E-07  2.277106E-07
   1.740000E+02  2.100000E+02  1.073438E-07  2.277106E-07
   1.740000E+02  2.220000E+02  2.146877E-07  3.220313E-07
   1.740000E+02  2.340000E+02  5.367192E-08  1.610157E-07
   1.740000E+02  2.460000E+02  1.000000E-35  1.000000E-35
   1.740000E+02  2.580000E+02  5.367192E-08  1.610157E-07
   1.740000E+02  2.700000E+02  2.146877E-07  3.220313E-07
   1.740000E+02  2.820000E+02  1.610157E-07  2.788873E-07
   1.740000E+02  2.940000E+02  1.610157E-07  2.788873E-07
   1.740000E+02  3.060000E+02  5.367192E-08  1.610157E-07
   1.740000E+02  3.180000E+02  2.146877E-07  3.220313E-07
   1.740000E+02  3.300000E+02  5.367192E-08  1.610157E-07
   1.740000E+02  3.420000E+02  5.367192E-08  1.610157E-07
   1.740000E+02  3.540000E+02  5.367192E-08  1.610157E-07
    
   1.780000E+02  6.000001E+00  4.822657E-07  8.353082E-07
   1.780000E+02  1.800000E+01  1.000000E-35  1.000000E-35
   1.780000E+02  3.000000E+01  1.000000E-35  1.000000E-35
   1.780000E+02  4.200000E+01  1.000000E-35  1.000000E-35
   1.780000E+02  5.400001E+01  1.607552E-07  4.822656E-07
   1.780000E+02  6.600001E+01  1.000000E-35  1.000000E-35
   1.780000E+02  7.800001E+01  1.000000E-35  1.000000E-35
   1.780000E+02  9.000001E+01  1.000000E-35  1.000000E-35
   1.780000E+02  1.020000E+02  1.000000E-35  1.000000E-35
   1.780000E+02  1.140000E+02  1.000000E-35  1.000000E-35
   1.780000E+02  1.260000E+02  1.000000E-35  1.000000E-35
   1.780000E+02  1.380000E+02  8.884020E-08  2.665205E-07
   1.780000E+02  1.500000E+02  1.000000E-35  1.000000E-35
   1.780000E+02  1.620000E+02  3.215105E-07  6.820264E-07
   1.780000E+02  1.740000E+02  1.607552E-07  4.822656E-07
   1.780000E+02  1.860000E+02  1.000000E-35  1.000000E-35
   1.780000E+02  1.980000E+02  3.215105E-07  6.820264E-07
   1.780000E+02  2.100000E+02  1.000000E-35  1.000000E-35
   1.780000E+02  2.220000E+02  1.000000E-35  1.000000E-35
   1.780000E+02  2.340000E+02  1.607552E-07  4.822656E-07
   1.780000E+02  2.460000E+02  1.000000E-35  1.000000E-35
   1.780000E+02  2.580000E+02  1.000000E-35  1.000000E-35
   1.780000E+02  2.700000E+02  1.000000E-35  1.000000E-35
   1.780000E+02  2.820000E+02  1.000000E-35  1.000000E-35
   1.780000E+02  2.940000E+02  1.000000E-35  1.000000E-35
   1.780000E+02  3.060000E+02  1.000000E-35  1.000000E-35
   1.780000E+02  3.180000E+02  1.607552E-07  4.822656E-07
   1.780000E+02  3.300000E+02  1.000000E-35  1.000000E-35
   1.780000E+02  3.420000E+02  1.000000E-35  1.000000E-35
   1.780000E+02  3.540000E+02  1.000000E-35  1.000000E-35
    
