 #  Results from PENEPMA.
 #  Angular distribution of emerging electrons.
 #  1st and 2nd columns: THETA and PHI (deg).
 #  3rd and 4th columns: probability density and STU (1/sr)

   2.000000E+00  6.000001E+00  5.195152E-02  1.825156E-02
   2.000000E+00  1.800000E+01  4.258221E-02  1.652196E-02
   2.000000E+00  3.000000E+01  5.487727E-02  1.875176E-02
   2.000000E+00  4.200000E+01  3.894480E-02  1.580631E-02
   2.000000E+00  5.400001E+01  4.702460E-02  1.734197E-02
   2.000000E+00  6.600001E+01  4.199992E-02  1.638169E-02
   2.000000E+00  7.800001E+01  4.409292E-02  1.679981E-02
   2.000000E+00  9.000001E+01  4.195139E-02  1.638157E-02
   2.000000E+00  1.020000E+02  4.479114E-02  1.693689E-02
   2.000000E+00  1.140000E+02  4.332040E-02  1.666142E-02
   2.000000E+00  1.260000E+02  5.618601E-02  1.899659E-02
   2.000000E+00  1.380000E+02  4.050983E-02  1.609667E-02
   2.000000E+00  1.500000E+02  4.184840E-02  1.638131E-02
   2.000000E+00  1.620000E+02  4.764975E-02  1.747462E-02
   2.000000E+00  1.740000E+02  4.759346E-02  1.747448E-02
   2.000000E+00  1.860000E+02  4.904430E-02  1.773729E-02
   2.000000E+00  1.980000E+02  4.055313E-02  1.609679E-02
   2.000000E+00  2.100000E+02  5.194036E-02  1.825153E-02
   2.000000E+00  2.220000E+02  5.397136E-02  1.862758E-02
   2.000000E+00  2.340000E+02  5.842991E-02  1.935873E-02
   2.000000E+00  2.460000E+02  3.618745E-02  1.520999E-02
   2.000000E+00  2.580000E+02  5.205459E-02  1.825179E-02
   2.000000E+00  2.700000E+02  4.119865E-02  1.623966E-02
   2.000000E+00  2.820000E+02  4.409348E-02  1.679981E-02
   2.000000E+00  2.940000E+02  4.119874E-02  1.623966E-02
   2.000000E+00  3.060000E+02  3.475413E-02  1.490273E-02
   2.000000E+00  3.180000E+02  4.409108E-02  1.679981E-02
   2.000000E+00  3.300000E+02  5.410236E-02  1.862787E-02
   2.000000E+00  3.420000E+02  4.913812E-02  1.773751E-02
   2.000000E+00  3.540000E+02  3.695145E-02  1.536145E-02
    
   6.000001E+00  6.000001E+00  4.607927E-02  9.924974E-03
   6.000001E+00  1.800000E+01  4.574853E-02  9.898836E-03
   6.000001E+00  3.000000E+01  3.964264E-02  9.196916E-03
   6.000001E+00  4.200000E+01  4.485719E-02  9.794192E-03
   6.000001E+00  5.400001E+01  4.103279E-02  9.363544E-03
   6.000001E+00  6.600001E+01  3.675525E-02  8.854096E-03
   6.000001E+00  7.800001E+01  4.173839E-02  9.445770E-03
   6.000001E+00  9.000001E+01  4.702041E-02  1.002832E-02
   6.000001E+00  1.020000E+02  5.319784E-02  1.067642E-02
   6.000001E+00  1.140000E+02  4.372334E-02  9.661764E-03
   6.000001E+00  1.260000E+02  4.800463E-02  1.013067E-02
   6.000001E+00  1.380000E+02  4.578285E-02  9.898884E-03
   6.000001E+00  1.500000E+02  3.986208E-02  9.224879E-03
   6.000001E+00  1.620000E+02  4.292907E-02  9.581266E-03
   6.000001E+00  1.740000E+02  4.408925E-02  9.714827E-03
   6.000001E+00  1.860000E+02  4.338992E-02  9.634907E-03
   6.000001E+00  1.980000E+02  5.130783E-02  1.048085E-02
   6.000001E+00  2.100000E+02  4.575898E-02  9.898849E-03
   6.000001E+00  2.220000E+02  4.441279E-02  9.741450E-03
   6.000001E+00  2.340000E+02  4.508717E-02  9.820467E-03
   6.000001E+00  2.460000E+02  4.671655E-02  1.000249E-02
   6.000001E+00  2.580000E+02  4.294899E-02  9.581293E-03
   6.000001E+00  2.700000E+02  4.387254E-02  9.688283E-03
   6.000001E+00  2.820000E+02  4.842552E-02  1.018137E-02
   6.000001E+00  2.940000E+02  4.723025E-02  1.005396E-02
   6.000001E+00  3.060000E+02  4.267525E-02  9.554296E-03
   6.000001E+00  3.180000E+02  4.557275E-02  9.872844E-03
   6.000001E+00  3.300000E+02  4.509844E-02  9.820485E-03
   6.000001E+00  3.420000E+02  3.931151E-02  9.168701E-03
   6.000001E+00  3.540000E+02  4.271268E-02  9.554351E-03
    
   1.000000E+01  6.000001E+00  4.350572E-02  7.487621E-03
   1.000000E+01  1.800000E+01  4.090880E-02  7.259241E-03
   1.000000E+01  3.000000E+01  4.558244E-02  7.660037E-03
   1.000000E+01  4.200000E+01  4.352444E-02  7.487326E-03
   1.000000E+01  5.400001E+01  4.366175E-02  7.499773E-03
   1.000000E+01  6.600001E+01  4.527931E-02  7.635911E-03
   1.000000E+01  7.800001E+01  4.183112E-02  7.336443E-03
   1.000000E+01  9.000001E+01  4.309832E-02  7.449810E-03
   1.000000E+01  1.020000E+02  4.252930E-02  7.399479E-03
   1.000000E+01  1.140000E+02  4.440928E-02  7.561825E-03
   1.000000E+01  1.260000E+02  4.239702E-02  7.386859E-03
   1.000000E+01  1.380000E+02  4.326307E-02  7.462678E-03
   1.000000E+01  1.500000E+02  4.845809E-02  7.900164E-03
   1.000000E+01  1.620000E+02  4.568296E-02  7.672175E-03
   1.000000E+01  1.740000E+02  4.168782E-02  7.323368E-03
   1.000000E+01  1.860000E+02  4.253170E-02  7.399483E-03
   1.000000E+01  1.980000E+02  4.631945E-02  7.720787E-03
   1.000000E+01  2.100000E+02  4.483773E-02  7.598789E-03
   1.000000E+01  2.220000E+02  4.473371E-02  7.586531E-03
   1.000000E+01  2.340000E+02  4.258557E-02  7.399543E-03
   1.000000E+01  2.460000E+02  4.585833E-02  7.684376E-03
   1.000000E+01  2.580000E+02  4.323550E-02  7.462320E-03
   1.000000E+01  2.700000E+02  4.152269E-02  7.310577E-03
   1.000000E+01  2.820000E+02  4.227269E-02  7.374223E-03
   1.000000E+01  2.940000E+02  4.428527E-02  7.549484E-03
   1.000000E+01  3.060000E+02  4.657202E-02  7.744920E-03
   1.000000E+01  3.180000E+02  4.630704E-02  7.720775E-03
   1.000000E+01  3.300000E+02  4.471193E-02  7.586508E-03
   1.000000E+01  3.420000E+02  4.569460E-02  7.672187E-03
   1.000000E+01  3.540000E+02  4.374160E-02  7.499862E-03
    
   1.400000E+01  6.000001E+00  4.354140E-02  6.343661E-03
   1.400000E+01  1.800000E+01  4.274911E-02  6.282711E-03
   1.400000E+01  3.000000E+01  4.293591E-02  6.297993E-03
   1.400000E+01  4.200000E+01  4.196617E-02  6.228803E-03
   1.400000E+01  5.400001E+01  4.428735E-02  6.396565E-03
   1.400000E+01  6.600001E+01  4.333761E-02  6.328474E-03
   1.400000E+01  7.800001E+01  4.271264E-02  6.282676E-03
   1.400000E+01  9.000001E+01  4.395245E-02  6.373931E-03
   1.400000E+01  1.020000E+02  4.043535E-02  6.111831E-03
   1.400000E+01  1.140000E+02  4.248647E-02  6.267319E-03
   1.400000E+01  1.260000E+02  4.819793E-02  6.676504E-03
   1.400000E+01  1.380000E+02  4.675962E-02  6.574637E-03
   1.400000E+01  1.500000E+02  4.239504E-02  6.259647E-03
   1.400000E+01  1.620000E+02  4.648225E-02  6.552672E-03
   1.400000E+01  1.740000E+02  4.181172E-02  6.213383E-03
   1.400000E+01  1.860000E+02  4.555664E-02  6.486243E-03
   1.400000E+01  1.980000E+02  4.439012E-02  6.404082E-03
   1.400000E+01  2.100000E+02  4.071619E-02  6.135380E-03
   1.400000E+01  2.220000E+02  4.675742E-02  6.574636E-03
   1.400000E+01  2.340000E+02  4.497598E-02  6.448981E-03
   1.400000E+01  2.460000E+02  3.938215E-02  6.032557E-03
   1.400000E+01  2.580000E+02  4.678191E-02  6.574658E-03
   1.400000E+01  2.700000E+02  3.885280E-02  5.992525E-03
   1.400000E+01  2.820000E+02  4.415613E-02  6.389208E-03
   1.400000E+01  2.940000E+02  4.115006E-02  6.166905E-03
   1.400000E+01  3.060000E+02  4.590797E-02  6.515797E-03
   1.400000E+01  3.180000E+02  4.353616E-02  6.343655E-03
   1.400000E+01  3.300000E+02  4.240763E-02  6.259659E-03
   1.400000E+01  3.420000E+02  4.622643E-02  6.537923E-03
   1.400000E+01  3.540000E+02  4.373509E-02  6.358808E-03
    
   1.800000E+01  6.000001E+00  4.111378E-02  5.453230E-03
   1.800000E+01  1.800000E+01  4.460001E-02  5.681171E-03
   1.800000E+01  3.000000E+01  4.340534E-02  5.602639E-03
   1.800000E+01  4.200000E+01  4.315818E-02  5.597373E-03
   1.800000E+01  5.400001E+01  4.045633E-02  5.409784E-03
   1.800000E+01  6.600001E+01  3.989486E-02  5.371487E-03
   1.800000E+01  7.800001E+01  4.127729E-02  5.464039E-03
   1.800000E+01  9.000001E+01  4.344615E-02  5.607868E-03
   1.800000E+01  1.020000E+02  4.565248E-02  5.748126E-03
   1.800000E+01  1.140000E+02  4.046868E-02  5.409797E-03
   1.800000E+01  1.260000E+02  4.444355E-02  5.670647E-03
   1.800000E+01  1.380000E+02  4.221872E-02  5.528406E-03
   1.800000E+01  1.500000E+02  4.305792E-02  5.581528E-03
   1.800000E+01  1.620000E+02  4.072731E-02  5.426136E-03
   1.800000E+01  1.740000E+02  4.149749E-02  5.480188E-03
   1.800000E+01  1.860000E+02  4.006365E-02  5.382468E-03
   1.800000E+01  1.980000E+02  4.416641E-02  5.654995E-03
   1.800000E+01  2.100000E+02  4.171584E-02  5.490988E-03
   1.800000E+01  2.220000E+02  4.120155E-02  5.458642E-03
   1.800000E+01  2.340000E+02  4.428345E-02  5.660241E-03
   1.800000E+01  2.460000E+02  4.162603E-02  5.485607E-03
   1.800000E+01  2.580000E+02  4.437462E-02  5.665460E-03
   1.800000E+01  2.700000E+02  4.361878E-02  5.618384E-03
   1.800000E+01  2.820000E+02  4.251353E-02  5.544430E-03
   1.800000E+01  2.940000E+02  4.339080E-02  5.602631E-03
   1.800000E+01  3.060000E+02  4.443250E-02  5.670638E-03
   1.800000E+01  3.180000E+02  4.380047E-02  5.628894E-03
   1.800000E+01  3.300000E+02  4.314865E-02  5.586813E-03
   1.800000E+01  3.420000E+02  4.500379E-02  5.706935E-03
   1.800000E+01  3.540000E+02  4.047353E-02  5.409796E-03
    
   2.200000E+01  6.000001E+00  3.911686E-02  4.829797E-03
   2.200000E+01  1.800000E+01  4.328697E-02  5.084905E-03
   2.200000E+01  3.000000E+01  4.171746E-02  4.989210E-03
   2.200000E+01  4.200000E+01  3.795423E-02  4.758612E-03
   2.200000E+01  5.400001E+01  3.919296E-02  4.833957E-03
   2.200000E+01  6.600001E+01  3.816279E-02  4.771364E-03
   2.200000E+01  7.800001E+01  4.387940E-02  5.120192E-03
   2.200000E+01  9.000001E+01  4.191616E-02  5.001261E-03
   2.200000E+01  1.020000E+02  4.385989E-02  5.116306E-03
   2.200000E+01  1.140000E+02  4.098555E-02  4.944769E-03
   2.200000E+01  1.260000E+02  3.952146E-02  4.854667E-03
   2.200000E+01  1.380000E+02  4.245562E-02  5.033263E-03
   2.200000E+01  1.500000E+02  4.224341E-02  5.021278E-03
   2.200000E+01  1.620000E+02  4.305039E-02  5.069021E-03
   2.200000E+01  1.740000E+02  4.217254E-02  5.017277E-03
   2.200000E+01  1.860000E+02  4.205009E-02  5.009279E-03
   2.200000E+01  1.980000E+02  4.091047E-02  4.940703E-03
   2.200000E+01  2.100000E+02  4.289448E-02  5.061074E-03
   2.200000E+01  2.220000E+02  4.273998E-02  5.049200E-03
   2.200000E+01  2.340000E+02  4.314309E-02  5.076896E-03
   2.200000E+01  2.460000E+02  3.876199E-02  4.808959E-03
   2.200000E+01  2.580000E+02  3.778216E-02  4.745970E-03
   2.200000E+01  2.700000E+02  4.465802E-02  5.163158E-03
   2.200000E+01  2.820000E+02  4.023663E-02  4.900019E-03
   2.200000E+01  2.940000E+02  4.184105E-02  4.997345E-03
   2.200000E+01  3.060000E+02  4.088083E-02  4.940683E-03
   2.200000E+01  3.180000E+02  4.092171E-02  4.940711E-03
   2.200000E+01  3.300000E+02  4.293119E-02  5.065015E-03
   2.200000E+01  3.420000E+02  4.055948E-02  4.920446E-03
   2.200000E+01  3.540000E+02  3.905108E-02  4.825643E-03
    
   2.600000E+01  6.000001E+00  4.055852E-02  4.549487E-03
   2.600000E+01  1.800000E+01  3.959276E-02  4.494401E-03
   2.600000E+01  3.000000E+01  4.020584E-02  4.526920E-03
   2.600000E+01  4.200000E+01  3.881753E-02  4.448540E-03
   2.600000E+01  5.400001E+01  3.961275E-02  4.494500E-03
   2.600000E+01  6.600001E+01  4.034320E-02  4.536593E-03
   2.600000E+01  7.800001E+01  4.258586E-02  4.660875E-03
   2.600000E+01  9.000001E+01  4.144258E-02  4.597566E-03
   2.600000E+01  1.020000E+02  4.131414E-02  4.591177E-03
   2.600000E+01  1.140000E+02  3.983899E-02  4.507521E-03
   2.600000E+01  1.260000E+02  4.058471E-02  4.549508E-03
   2.600000E+01  1.380000E+02  3.980001E-02  4.504197E-03
   2.600000E+01  1.500000E+02  4.208500E-02  4.632585E-03
   2.600000E+01  1.620000E+02  4.057217E-02  4.549499E-03
   2.600000E+01  1.740000E+02  4.013348E-02  4.523669E-03
   2.600000E+01  1.860000E+02  4.242195E-02  4.651521E-03
   2.600000E+01  1.980000E+02  3.894742E-02  4.455132E-03
   2.600000E+01  2.100000E+02  3.945237E-02  4.484719E-03
   2.600000E+01  2.220000E+02  4.076720E-02  4.559166E-03
   2.600000E+01  2.340000E+02  4.207968E-02  4.632498E-03
   2.600000E+01  2.460000E+02  4.132792E-02  4.591191E-03
   2.600000E+01  2.580000E+02  4.090133E-02  4.568856E-03
   2.600000E+01  2.700000E+02  3.862533E-02  4.435454E-03
   2.600000E+01  2.820000E+02  3.967985E-02  4.497769E-03
   2.600000E+01  2.940000E+02  3.985672E-02  4.507449E-03
   2.600000E+01  3.060000E+02  4.018079E-02  4.526902E-03
   2.600000E+01  3.180000E+02  4.025600E-02  4.530151E-03
   2.600000E+01  3.300000E+02  4.024687E-02  4.530142E-03
   2.600000E+01  3.420000E+02  4.105302E-02  4.575210E-03
   2.600000E+01  3.540000E+02  4.091268E-02  4.568780E-03
    
   3.000000E+01  6.000001E+00  3.881412E-02  4.165640E-03
   3.000000E+01  1.800000E+01  3.840313E-02  4.143877E-03
   3.000000E+01  3.000000E+01  3.750534E-02  4.094661E-03
   3.000000E+01  4.200000E+01  3.746873E-02  4.091989E-03
   3.000000E+01  5.400001E+01  4.074588E-02  4.269705E-03
   3.000000E+01  6.600001E+01  3.950955E-02  4.203252E-03
   3.000000E+01  7.800001E+01  3.836995E-02  4.141167E-03
   3.000000E+01  9.000001E+01  3.769916E-02  4.105644E-03
   3.000000E+01  1.020000E+02  3.972330E-02  4.214034E-03
   3.000000E+01  1.140000E+02  3.634664E-02  4.030889E-03
   3.000000E+01  1.260000E+02  3.987096E-02  4.222046E-03
   3.000000E+01  1.380000E+02  3.744713E-02  4.091904E-03
   3.000000E+01  1.500000E+02  3.604138E-02  4.014087E-03
   3.000000E+01  1.620000E+02  3.824515E-02  4.135710E-03
   3.000000E+01  1.740000E+02  3.686226E-02  4.058747E-03
   3.000000E+01  1.860000E+02  3.491149E-02  3.949032E-03
   3.000000E+01  1.980000E+02  3.860339E-02  4.154806E-03
   3.000000E+01  2.100000E+02  3.891376E-02  4.170974E-03
   3.000000E+01  2.220000E+02  3.800336E-02  4.122073E-03
   3.000000E+01  2.340000E+02  3.916292E-02  4.184453E-03
   3.000000E+01  2.460000E+02  3.866094E-02  4.157448E-03
   3.000000E+01  2.580000E+02  3.722044E-02  4.078132E-03
   3.000000E+01  2.700000E+02  3.736629E-02  4.091990E-03
   3.000000E+01  2.820000E+02  3.806729E-02  4.124817E-03
   3.000000E+01  2.940000E+02  4.071180E-02  4.267080E-03
   3.000000E+01  3.060000E+02  3.834517E-02  4.141150E-03
   3.000000E+01  3.180000E+02  3.995425E-02  4.227364E-03
   3.000000E+01  3.300000E+02  3.991095E-02  4.224636E-03
   3.000000E+01  3.420000E+02  3.901181E-02  4.176370E-03
   3.000000E+01  3.540000E+02  3.791726E-02  4.116614E-03
    
   3.400000E+01  6.000001E+00  3.768351E-02  3.880990E-03
   3.400000E+01  1.800000E+01  3.657728E-02  3.824816E-03
   3.400000E+01  3.000000E+01  3.603630E-02  3.794113E-03
   3.400000E+01  4.200000E+01  3.843536E-02  3.920166E-03
   3.400000E+01  5.400001E+01  3.713523E-02  3.852977E-03
   3.400000E+01  6.600001E+01  3.566565E-02  3.775072E-03
   3.400000E+01  7.800001E+01  3.610724E-02  3.798846E-03
   3.400000E+01  9.000001E+01  3.566117E-02  3.775067E-03
   3.400000E+01  1.020000E+02  3.533383E-02  3.758323E-03
   3.400000E+01  1.140000E+02  3.776324E-02  3.885558E-03
   3.400000E+01  1.260000E+02  3.550067E-02  3.765588E-03
   3.400000E+01  1.380000E+02  3.712011E-02  3.852967E-03
   3.400000E+01  1.500000E+02  3.591595E-02  3.789345E-03
   3.400000E+01  1.620000E+02  3.610643E-02  3.798906E-03
   3.400000E+01  1.740000E+02  3.631316E-02  3.810666E-03
   3.400000E+01  1.860000E+02  3.675022E-02  3.834217E-03
   3.400000E+01  1.980000E+02  3.732056E-02  3.862318E-03
   3.400000E+01  2.100000E+02  3.564941E-02  3.775059E-03
   3.400000E+01  2.220000E+02  3.797979E-02  3.897124E-03
   3.400000E+01  2.340000E+02  3.513597E-02  3.746404E-03
   3.400000E+01  2.460000E+02  3.678819E-02  3.834241E-03
   3.400000E+01  2.580000E+02  3.547841E-02  3.765511E-03
   3.400000E+01  2.700000E+02  3.823503E-02  3.910954E-03
   3.400000E+01  2.820000E+02  3.673802E-02  3.831889E-03
   3.400000E+01  2.940000E+02  3.510936E-02  3.746386E-03
   3.400000E+01  3.060000E+02  3.819368E-02  3.908653E-03
   3.400000E+01  3.180000E+02  3.702380E-02  3.845976E-03
   3.400000E+01  3.300000E+02  3.943533E-02  3.970448E-03
   3.400000E+01  3.420000E+02  3.636587E-02  3.813036E-03
   3.400000E+01  3.540000E+02  3.608241E-02  3.796487E-03
    
   3.800000E+01  6.000001E+00  3.633875E-02  3.632897E-03
   3.800000E+01  1.800000E+01  3.430809E-02  3.529180E-03
   3.800000E+01  3.000000E+01  3.506052E-02  3.568936E-03
   3.800000E+01  4.200000E+01  3.529239E-02  3.579455E-03
   3.800000E+01  5.400001E+01  3.362780E-02  3.493221E-03
   3.800000E+01  6.600001E+01  3.556245E-02  3.593834E-03
   3.800000E+01  7.800001E+01  3.609763E-02  3.620609E-03
   3.800000E+01  9.000001E+01  3.577872E-02  3.604163E-03
   3.800000E+01  1.020000E+02  3.732516E-02  3.681705E-03
   3.800000E+01  1.140000E+02  3.401601E-02  3.514410E-03
   3.800000E+01  1.260000E+02  3.476530E-02  3.552264E-03
   3.800000E+01  1.380000E+02  3.372526E-02  3.503879E-03
   3.800000E+01  1.500000E+02  3.291581E-02  3.456868E-03
   3.800000E+01  1.620000E+02  3.502908E-02  3.566861E-03
   3.800000E+01  1.740000E+02  3.602855E-02  3.616511E-03
   3.800000E+01  1.860000E+02  3.410855E-02  3.518699E-03
   3.800000E+01  1.980000E+02  3.484557E-02  3.556498E-03
   3.800000E+01  2.100000E+02  3.529462E-02  3.579404E-03
   3.800000E+01  2.220000E+02  3.514984E-02  3.573102E-03
   3.800000E+01  2.340000E+02  3.454785E-02  3.541786E-03
   3.800000E+01  2.460000E+02  3.365299E-02  3.495392E-03
   3.800000E+01  2.580000E+02  3.507178E-02  3.568942E-03
   3.800000E+01  2.700000E+02  3.631541E-02  3.630915E-03
   3.800000E+01  2.820000E+02  3.401696E-02  3.514411E-03
   3.800000E+01  2.940000E+02  3.364446E-02  3.495331E-03
   3.800000E+01  3.060000E+02  3.546703E-02  3.589689E-03
   3.800000E+01  3.180000E+02  3.297258E-02  3.459082E-03
   3.800000E+01  3.300000E+02  3.351842E-02  3.488947E-03
   3.800000E+01  3.420000E+02  3.386613E-02  3.505953E-03
   3.800000E+01  3.540000E+02  3.573435E-02  3.602098E-03
    
   4.200000E+01  6.000001E+00  3.348131E-02  3.344582E-03
   4.200000E+01  1.800000E+01  3.392952E-02  3.367020E-03
   4.200000E+01  3.000000E+01  3.126678E-02  3.231688E-03
   4.200000E+01  4.200000E+01  3.216126E-02  3.278007E-03
   4.200000E+01  5.400001E+01  3.252183E-02  3.299059E-03
   4.200000E+01  6.600001E+01  3.253567E-02  3.297136E-03
   4.200000E+01  7.800001E+01  3.090068E-02  3.212126E-03
   4.200000E+01  9.000001E+01  3.185531E-02  3.262669E-03
   4.200000E+01  1.020000E+02  3.162988E-02  3.251032E-03
   4.200000E+01  1.140000E+02  3.169285E-02  3.254892E-03
   4.200000E+01  1.260000E+02  3.249288E-02  3.295276E-03
   4.200000E+01  1.380000E+02  3.249493E-02  3.295276E-03
   4.200000E+01  1.500000E+02  3.310283E-02  3.325625E-03
   4.200000E+01  1.620000E+02  3.130835E-02  3.233636E-03
   4.200000E+01  1.740000E+02  3.250987E-02  3.295334E-03
   4.200000E+01  1.860000E+02  3.332087E-02  3.336949E-03
   4.200000E+01  1.980000E+02  3.047404E-02  3.190505E-03
   4.200000E+01  2.100000E+02  3.154486E-02  3.245394E-03
   4.200000E+01  2.220000E+02  3.271604E-02  3.306654E-03
   4.200000E+01  2.340000E+02  3.204923E-02  3.270351E-03
   4.200000E+01  2.460000E+02  3.223156E-02  3.281838E-03
   4.200000E+01  2.580000E+02  3.056212E-02  3.194505E-03
   4.200000E+01  2.700000E+02  3.282927E-02  3.312356E-03
   4.200000E+01  2.820000E+02  3.184431E-02  3.260708E-03
   4.200000E+01  2.940000E+02  3.285258E-02  3.312369E-03
   4.200000E+01  3.060000E+02  3.199326E-02  3.270362E-03
   4.200000E+01  3.180000E+02  3.352733E-02  3.346369E-03
   4.200000E+01  3.300000E+02  3.245812E-02  3.293317E-03
   4.200000E+01  3.420000E+02  3.301222E-02  3.321881E-03
   4.200000E+01  3.540000E+02  3.340384E-02  3.340769E-03
    
   4.600000E+01  6.000001E+00  2.869633E-02  2.986186E-03
   4.600000E+01  1.800000E+01  3.038295E-02  3.072372E-03
   4.600000E+01  3.000000E+01  3.014064E-02  3.059950E-03
   4.600000E+01  4.200000E+01  2.859845E-02  2.980671E-03
   4.600000E+01  5.400001E+01  2.958465E-02  3.031367E-03
   4.600000E+01  6.600001E+01  2.974245E-02  3.040270E-03
   4.600000E+01  7.800001E+01  3.052487E-02  3.079403E-03
   4.600000E+01  9.000001E+01  3.128996E-02  3.118080E-03
   4.600000E+01  1.020000E+02  3.166122E-02  3.137212E-03
   4.600000E+01  1.140000E+02  2.995208E-02  3.050990E-03
   4.600000E+01  1.260000E+02  2.786588E-02  2.945732E-03
   4.600000E+01  1.380000E+02  2.968608E-02  3.036743E-03
   4.600000E+01  1.500000E+02  3.173199E-02  3.140678E-03
   4.600000E+01  1.620000E+02  2.942583E-02  3.024116E-03
   4.600000E+01  1.740000E+02  3.217112E-02  3.166509E-03
   4.600000E+01  1.860000E+02  3.040982E-02  3.074091E-03
   4.600000E+01  1.980000E+02  3.036439E-02  3.072314E-03
   4.600000E+01  2.100000E+02  2.833509E-02  2.967803E-03
   4.600000E+01  2.220000E+02  3.300499E-02  3.204129E-03
   4.600000E+01  2.340000E+02  3.043492E-02  3.075947E-03
   4.600000E+01  2.460000E+02  3.106198E-02  3.107534E-03
   4.600000E+01  2.580000E+02  2.984954E-02  3.045636E-03
   4.600000E+01  2.700000E+02  3.061669E-02  3.084692E-03
   4.600000E+01  2.820000E+02  3.027380E-02  3.067004E-03
   4.600000E+01  2.940000E+02  3.061102E-02  3.084734E-03
   4.600000E+01  3.060000E+02  3.062615E-02  3.084698E-03
   4.600000E+01  3.180000E+02  3.092294E-02  3.100524E-03
   4.600000E+01  3.300000E+02  2.887733E-02  2.995194E-03
   4.600000E+01  3.420000E+02  3.124140E-02  3.116328E-03
   4.600000E+01  3.540000E+02  2.889637E-02  2.996999E-03
    
   5.000001E+01  6.000001E+00  2.783605E-02  2.849909E-03
   5.000001E+01  1.800000E+01  2.748982E-02  2.832966E-03
   5.000001E+01  3.000000E+01  2.658257E-02  2.785143E-03
   5.000001E+01  4.200000E+01  2.846964E-02  2.883372E-03
   5.000001E+01  5.400001E+01  2.586654E-02  2.746983E-03
   5.000001E+01  6.600001E+01  2.667363E-02  2.788695E-03
   5.000001E+01  7.800001E+01  2.622686E-02  2.766130E-03
   5.000001E+01  9.000001E+01  2.972207E-02  2.945933E-03
   5.000001E+01  1.020000E+02  2.664305E-02  2.786930E-03
   5.000001E+01  1.140000E+02  2.592432E-02  2.750469E-03
   5.000001E+01  1.260000E+02  2.680440E-02  2.797172E-03
   5.000001E+01  1.380000E+02  2.553321E-02  2.729455E-03
   5.000001E+01  1.500000E+02  2.776901E-02  2.846495E-03
   5.000001E+01  1.620000E+02  2.772425E-02  2.844801E-03
   5.000001E+01  1.740000E+02  2.921970E-02  2.921350E-03
   5.000001E+01  1.860000E+02  2.674504E-02  2.793743E-03
   5.000001E+01  1.980000E+02  2.750117E-02  2.832974E-03
   5.000001E+01  2.100000E+02  2.740230E-02  2.827887E-03
   5.000001E+01  2.220000E+02  2.808731E-02  2.863296E-03
   5.000001E+01  2.340000E+02  2.657953E-02  2.785142E-03
   5.000001E+01  2.460000E+02  2.671955E-02  2.792031E-03
   5.000001E+01  2.580000E+02  2.792720E-02  2.854907E-03
   5.000001E+01  2.700000E+02  2.664377E-02  2.788584E-03
   5.000001E+01  2.820000E+02  2.658972E-02  2.785149E-03
   5.000001E+01  2.940000E+02  2.643904E-02  2.776576E-03
   5.000001E+01  3.060000E+02  2.755066E-02  2.836392E-03
   5.000001E+01  3.180000E+02  2.661035E-02  2.786907E-03
   5.000001E+01  3.300000E+02  2.720474E-02  2.817732E-03
   5.000001E+01  3.420000E+02  2.763628E-02  2.839787E-03
   5.000001E+01  3.540000E+02  2.862315E-02  2.890036E-03
    
   5.400001E+01  6.000001E+00  2.329058E-02  2.535792E-03
   5.400001E+01  1.800000E+01  2.430771E-02  2.591128E-03
   5.400001E+01  3.000000E+01  2.503446E-02  2.630664E-03
   5.400001E+01  4.200000E+01  2.294206E-02  2.517008E-03
   5.400001E+01  5.400001E+01  2.521813E-02  2.640500E-03
   5.400001E+01  6.600001E+01  2.405357E-02  2.577850E-03
   5.400001E+01  7.800001E+01  2.278093E-02  2.508488E-03
   5.400001E+01  9.000001E+01  2.486569E-02  2.620887E-03
   5.400001E+01  1.020000E+02  2.312229E-02  2.527284E-03
   5.400001E+01  1.140000E+02  2.374536E-02  2.561063E-03
   5.400001E+01  1.260000E+02  2.378644E-02  2.562749E-03
   5.400001E+01  1.380000E+02  2.473132E-02  2.614306E-03
   5.400001E+01  1.500000E+02  2.547575E-02  2.653465E-03
   5.400001E+01  1.620000E+02  2.649504E-02  2.706440E-03
   5.400001E+01  1.740000E+02  2.397363E-02  2.572803E-03
   5.400001E+01  1.860000E+02  2.425603E-02  2.589496E-03
   5.400001E+01  1.980000E+02  2.369986E-02  2.557712E-03
   5.400001E+01  2.100000E+02  2.399033E-02  2.574465E-03
   5.400001E+01  2.220000E+02  2.392385E-02  2.571118E-03
   5.400001E+01  2.340000E+02  2.439187E-02  2.596099E-03
   5.400001E+01  2.460000E+02  2.383740E-02  2.566097E-03
   5.400001E+01  2.580000E+02  2.470212E-02  2.612618E-03
   5.400001E+01  2.700000E+02  2.568550E-02  2.664828E-03
   5.400001E+01  2.820000E+02  2.476531E-02  2.615910E-03
   5.400001E+01  2.940000E+02  2.493925E-02  2.625794E-03
   5.400001E+01  3.060000E+02  2.393273E-02  2.571124E-03
   5.400001E+01  3.180000E+02  2.274234E-02  2.506722E-03
   5.400001E+01  3.300000E+02  2.475658E-02  2.615904E-03
   5.400001E+01  3.420000E+02  2.566293E-02  2.663218E-03
   5.400001E+01  3.540000E+02  2.355850E-02  2.550964E-03
    
   5.800001E+01  6.000001E+00  2.181040E-02  2.397931E-03
   5.800001E+01  1.800000E+01  2.113851E-02  2.360039E-03
   5.800001E+01  3.000000E+01  2.112488E-02  2.360029E-03
   5.800001E+01  4.200000E+01  2.139205E-02  2.374915E-03
   5.800001E+01  5.400001E+01  2.103137E-02  2.355043E-03
   5.800001E+01  6.600001E+01  2.065919E-02  2.333337E-03
   5.800001E+01  7.800001E+01  2.095386E-02  2.353434E-03
   5.800001E+01  9.000001E+01  1.868175E-02  2.218056E-03
   5.800001E+01  1.020000E+02  2.284435E-02  2.454374E-03
   5.800001E+01  1.140000E+02  2.129078E-02  2.369955E-03
   5.800001E+01  1.260000E+02  2.112018E-02  2.360027E-03
   5.800001E+01  1.380000E+02  2.270251E-02  2.446388E-03
   5.800001E+01  1.500000E+02  2.015915E-02  2.304635E-03
   5.800001E+01  1.620000E+02  2.117770E-02  2.361704E-03
   5.800001E+01  1.740000E+02  2.121789E-02  2.365004E-03
   5.800001E+01  1.860000E+02  2.216654E-02  2.417405E-03
   5.800001E+01  1.980000E+02  2.098952E-02  2.351728E-03
   5.800001E+01  2.100000E+02  2.164899E-02  2.389701E-03
   5.800001E+01  2.220000E+02  2.051829E-02  2.324938E-03
   5.800001E+01  2.340000E+02  2.187510E-02  2.401199E-03
   5.800001E+01  2.460000E+02  2.130952E-02  2.369968E-03
   5.800001E+01  2.580000E+02  2.184921E-02  2.401138E-03
   5.800001E+01  2.700000E+02  2.095258E-02  2.350057E-03
   5.800001E+01  2.820000E+02  2.092046E-02  2.348388E-03
   5.800001E+01  2.940000E+02  2.227657E-02  2.423911E-03
   5.800001E+01  3.060000E+02  2.180444E-02  2.397885E-03
   5.800001E+01  3.180000E+02  2.148270E-02  2.379857E-03
   5.800001E+01  3.300000E+02  2.136135E-02  2.373265E-03
   5.800001E+01  3.420000E+02  2.012433E-02  2.302931E-03
   5.800001E+01  3.540000E+02  2.068653E-02  2.335013E-03
    
   6.200001E+01  6.000001E+00  1.847129E-02  2.165693E-03
   6.200001E+01  1.800000E+01  1.696240E-02  2.075404E-03
   6.200001E+01  3.000000E+01  1.838510E-02  2.157335E-03
   6.200001E+01  4.200000E+01  1.796343E-02  2.132073E-03
   6.200001E+01  5.400001E+01  1.888866E-02  2.187305E-03
   6.200001E+01  6.600001E+01  1.795110E-02  2.132064E-03
   6.200001E+01  7.800001E+01  1.775830E-02  2.120220E-03
   6.200001E+01  9.000001E+01  1.728068E-02  2.091013E-03
   6.200001E+01  1.020000E+02  1.894542E-02  2.190562E-03
   6.200001E+01  1.140000E+02  1.900854E-02  2.193862E-03
   6.200001E+01  1.260000E+02  1.948430E-02  2.221671E-03
   6.200001E+01  1.380000E+02  1.701759E-02  2.075447E-03
   6.200001E+01  1.500000E+02  1.888356E-02  2.187257E-03
   6.200001E+01  1.620000E+02  1.686902E-02  2.064948E-03
   6.200001E+01  1.740000E+02  1.785309E-02  2.125289E-03
   6.200001E+01  1.860000E+02  1.848143E-02  2.162360E-03
   6.200001E+01  1.980000E+02  1.895610E-02  2.190570E-03
   6.200001E+01  2.100000E+02  1.881713E-02  2.182311E-03
   6.200001E+01  2.220000E+02  1.746732E-02  2.103063E-03
   6.200001E+01  2.340000E+02  1.776349E-02  2.120179E-03
   6.200001E+01  2.460000E+02  1.900696E-02  2.193904E-03
   6.200001E+01  2.580000E+02  1.896777E-02  2.192249E-03
   6.200001E+01  2.700000E+02  1.814139E-02  2.142221E-03
   6.200001E+01  2.820000E+02  1.816688E-02  2.143904E-03
   6.200001E+01  2.940000E+02  1.863134E-02  2.172346E-03
   6.200001E+01  3.060000E+02  1.783961E-02  2.125278E-03
   6.200001E+01  3.180000E+02  1.742661E-02  2.099637E-03
   6.200001E+01  3.300000E+02  1.837985E-02  2.157374E-03
   6.200001E+01  3.420000E+02  1.800401E-02  2.135447E-03
   6.200001E+01  3.540000E+02  1.716844E-02  2.084138E-03
    
   6.600001E+01  6.000001E+00  1.465592E-02  1.893375E-03
   6.600001E+01  1.800000E+01  1.432316E-02  1.871862E-03
   6.600001E+01  3.000000E+01  1.508544E-02  1.921673E-03
   6.600001E+01  4.200000E+01  1.629893E-02  1.997450E-03
   6.600001E+01  5.400001E+01  1.405904E-02  1.857440E-03
   6.600001E+01  6.600001E+01  1.537177E-02  1.939167E-03
   6.600001E+01  7.800001E+01  1.602438E-02  1.980484E-03
   6.600001E+01  9.000001E+01  1.466036E-02  1.893425E-03
   6.600001E+01  1.020000E+02  1.520043E-02  1.928689E-03
   6.600001E+01  1.140000E+02  1.484225E-02  1.905853E-03
   6.600001E+01  1.260000E+02  1.654651E-02  2.012598E-03
   6.600001E+01  1.380000E+02  1.499129E-02  1.914648E-03
   6.600001E+01  1.500000E+02  1.489657E-02  1.909390E-03
   6.600001E+01  1.620000E+02  1.428493E-02  1.870048E-03
   6.600001E+01  1.740000E+02  1.482201E-02  1.904040E-03
   6.600001E+01  1.860000E+02  1.400909E-02  1.850113E-03
   6.600001E+01  1.980000E+02  1.438254E-02  1.875467E-03
   6.600001E+01  2.100000E+02  1.518009E-02  1.926944E-03
   6.600001E+01  2.220000E+02  1.484112E-02  1.905805E-03
   6.600001E+01  2.340000E+02  1.454193E-02  1.886228E-03
   6.600001E+01  2.460000E+02  1.583243E-02  1.968566E-03
   6.600001E+01  2.580000E+02  1.545208E-02  1.944376E-03
   6.600001E+01  2.700000E+02  1.437722E-02  1.875463E-03
   6.600001E+01  2.820000E+02  1.500972E-02  1.916403E-03
   6.600001E+01  2.940000E+02  1.531126E-02  1.935676E-03
   6.600001E+01  3.060000E+02  1.482908E-02  1.904046E-03
   6.600001E+01  3.180000E+02  1.470510E-02  1.895175E-03
   6.600001E+01  3.300000E+02  1.443699E-02  1.879109E-03
   6.600001E+01  3.420000E+02  1.509117E-02  1.921679E-03
   6.600001E+01  3.540000E+02  1.397726E-02  1.848332E-03
    
   7.000001E+01  6.000001E+00  1.098507E-02  1.615505E-03
   7.000001E+01  1.800000E+01  1.148719E-02  1.652588E-03
   7.000001E+01  3.000000E+01  1.018514E-02  1.555141E-03
   7.000001E+01  4.200000E+01  1.118014E-02  1.629274E-03
   7.000001E+01  5.400001E+01  1.243922E-02  1.720664E-03
   7.000001E+01  6.600001E+01  1.172864E-02  1.669870E-03
   7.000001E+01  7.800001E+01  1.098215E-02  1.615501E-03
   7.000001E+01  9.000001E+01  1.231333E-02  1.711375E-03
   7.000001E+01  1.020000E+02  1.212756E-02  1.702033E-03
   7.000001E+01  1.140000E+02  1.278719E-02  1.744690E-03
   7.000001E+01  1.260000E+02  1.178912E-02  1.673693E-03
   7.000001E+01  1.380000E+02  1.239572E-02  1.716959E-03
   7.000001E+01  1.500000E+02  1.199047E-02  1.688860E-03
   7.000001E+01  1.620000E+02  1.160084E-02  1.660297E-03
   7.000001E+01  1.740000E+02  1.161252E-02  1.662205E-03
   7.000001E+01  1.860000E+02  1.203950E-02  1.692628E-03
   7.000001E+01  1.980000E+02  1.193712E-02  1.685077E-03
   7.000001E+01  2.100000E+02  1.023215E-02  1.559232E-03
   7.000001E+01  2.220000E+02  1.180742E-02  1.675591E-03
   7.000001E+01  2.340000E+02  1.186356E-02  1.679397E-03
   7.000001E+01  2.460000E+02  1.140557E-02  1.646787E-03
   7.000001E+01  2.580000E+02  1.160015E-02  1.660296E-03
   7.000001E+01  2.700000E+02  1.228442E-02  1.709557E-03
   7.000001E+01  2.820000E+02  1.186005E-02  1.679392E-03
   7.000001E+01  2.940000E+02  1.090760E-02  1.609571E-03
   7.000001E+01  3.060000E+02  1.161479E-02  1.662307E-03
   7.000001E+01  3.180000E+02  1.139028E-02  1.644858E-03
   7.000001E+01  3.300000E+02  1.088417E-02  1.607591E-03
   7.000001E+01  3.420000E+02  1.159340E-02  1.660290E-03
   7.000001E+01  3.540000E+02  1.179962E-02  1.675582E-03
    
   7.400001E+01  6.000001E+00  7.985696E-03  1.361561E-03
   7.400001E+01  1.800000E+01  9.440145E-03  1.481638E-03
   7.400001E+01  3.000000E+01  8.368245E-03  1.394731E-03
   7.400001E+01  4.200000E+01  9.018288E-03  1.448395E-03
   7.400001E+01  5.400001E+01  8.398405E-03  1.396920E-03
   7.400001E+01  6.600001E+01  8.764566E-03  1.427146E-03
   7.400001E+01  7.800001E+01  9.440120E-03  1.481638E-03
   7.400001E+01  9.000001E+01  8.838393E-03  1.433534E-03
   7.400001E+01  1.020000E+02  7.946276E-03  1.359305E-03
   7.400001E+01  1.140000E+02  9.025739E-03  1.448405E-03
   7.400001E+01  1.260000E+02  8.261405E-03  1.385958E-03
   7.400001E+01  1.380000E+02  9.105207E-03  1.454650E-03
   7.400001E+01  1.500000E+02  8.689984E-03  1.420728E-03
   7.400001E+01  1.620000E+02  8.969912E-03  1.444128E-03
   7.400001E+01  1.740000E+02  8.637324E-03  1.416428E-03
   7.400001E+01  1.860000E+02  8.868054E-03  1.435718E-03
   7.400001E+01  1.980000E+02  8.841364E-03  1.433537E-03
   7.400001E+01  2.100000E+02  8.534987E-03  1.407852E-03
   7.400001E+01  2.220000E+02  8.239140E-03  1.383819E-03
   7.400001E+01  2.340000E+02  8.921098E-03  1.439959E-03
   7.400001E+01  2.460000E+02  8.191995E-03  1.379354E-03
   7.400001E+01  2.580000E+02  8.497305E-03  1.405616E-03
   7.400001E+01  2.700000E+02  7.437002E-03  1.313700E-03
   7.400001E+01  2.820000E+02  9.234145E-03  1.465090E-03
   7.400001E+01  2.940000E+02  8.664596E-03  1.418580E-03
   7.400001E+01  3.060000E+02  8.427132E-03  1.399103E-03
   7.400001E+01  3.180000E+02  8.190112E-03  1.379351E-03
   7.400001E+01  3.300000E+02  8.949482E-03  1.442022E-03
   7.400001E+01  3.420000E+02  8.534125E-03  1.407794E-03
   7.400001E+01  3.540000E+02  8.867064E-03  1.435662E-03
    
   7.800001E+01  6.000001E+00  5.860700E-03  1.156264E-03
   7.800001E+01  1.800000E+01  6.011934E-03  1.171439E-03
   7.800001E+01  3.000000E+01  6.261804E-03  1.196301E-03
   7.800001E+01  4.200000E+01  6.005259E-03  1.171431E-03
   7.800001E+01  5.400001E+01  5.652875E-03  1.135706E-03
   7.800001E+01  6.600001E+01  5.515287E-03  1.122657E-03
   7.800001E+01  7.800001E+01  5.879963E-03  1.158799E-03
   7.800001E+01  9.000001E+01  5.491512E-03  1.120034E-03
   7.800001E+01  1.020000E+02  6.037468E-03  1.173950E-03
   7.800001E+01  1.140000E+02  5.757591E-03  1.146032E-03
   7.800001E+01  1.260000E+02  4.937779E-03  1.060638E-03
   7.800001E+01  1.380000E+02  6.389188E-03  1.208543E-03
   7.800001E+01  1.500000E+02  5.728231E-03  1.143456E-03
   7.800001E+01  1.620000E+02  5.864512E-03  1.156271E-03
   7.800001E+01  1.740000E+02  5.968728E-03  1.166412E-03
   7.800001E+01  1.860000E+02  5.832229E-03  1.153711E-03
   7.800001E+01  1.980000E+02  6.110076E-03  1.181444E-03
   7.800001E+01  2.100000E+02  5.850232E-03  1.156250E-03
   7.800001E+01  2.220000E+02  6.315573E-03  1.201216E-03
   7.800001E+01  2.340000E+02  5.653670E-03  1.135775E-03
   7.800001E+01  2.460000E+02  5.548961E-03  1.125287E-03
   7.800001E+01  2.580000E+02  5.527600E-03  1.122673E-03
   7.800001E+01  2.700000E+02  5.966432E-03  1.166409E-03
   7.800001E+01  2.820000E+02  5.858266E-03  1.156261E-03
   7.800001E+01  2.940000E+02  6.747158E-03  1.242181E-03
   7.800001E+01  3.060000E+02  6.401245E-03  1.208560E-03
   7.800001E+01  3.180000E+02  5.676170E-03  1.138293E-03
   7.800001E+01  3.300000E+02  5.521081E-03  1.122664E-03
   7.800001E+01  3.420000E+02  5.414844E-03  1.112120E-03
   7.800001E+01  3.540000E+02  5.499934E-03  1.120113E-03
    
   8.200001E+01  6.000001E+00  3.418652E-03  8.775194E-04
   8.200001E+01  1.800000E+01  3.796836E-03  9.254029E-04
   8.200001E+01  3.000000E+01  2.783223E-03  7.914504E-04
   8.200001E+01  4.200000E+01  3.419077E-03  8.775200E-04
   8.200001E+01  5.400001E+01  3.465990E-03  8.840372E-04
   8.200001E+01  6.600001E+01  3.413832E-03  8.775112E-04
   8.200001E+01  7.800001E+01  3.543129E-03  8.937351E-04
   8.200001E+01  9.000001E+01  3.619182E-03  9.033271E-04
   8.200001E+01  1.020000E+02  3.727818E-03  9.159714E-04
   8.200001E+01  1.140000E+02  3.320190E-03  8.643297E-04
   8.200001E+01  1.260000E+02  3.564725E-03  8.969372E-04
   8.200001E+01  1.380000E+02  2.531616E-03  7.542780E-04
   8.200001E+01  1.500000E+02  2.983727E-03  8.199692E-04
   8.200001E+01  1.620000E+02  3.038355E-03  8.269538E-04
   8.200001E+01  1.740000E+02  2.812592E-03  7.950765E-04
   8.200001E+01  1.860000E+02  3.141668E-03  8.407388E-04
   8.200001E+01  1.980000E+02  3.239508E-03  8.542918E-04
   8.200001E+01  2.100000E+02  4.070968E-03  9.588587E-04
   8.200001E+01  2.220000E+02  3.084930E-03  8.338658E-04
   8.200001E+01  2.340000E+02  2.907990E-03  8.093903E-04
   8.200001E+01  2.460000E+02  2.808637E-03  7.950691E-04
   8.200001E+01  2.580000E+02  3.444103E-03  8.807872E-04
   8.200001E+01  2.700000E+02  2.886865E-03  8.058404E-04
   8.200001E+01  2.820000E+02  3.181054E-03  8.475258E-04
   8.200001E+01  2.940000E+02  3.159659E-03  8.441362E-04
   8.200001E+01  3.060000E+02  3.516005E-03  8.905121E-04
   8.200001E+01  3.180000E+02  3.467203E-03  8.840394E-04
   8.200001E+01  3.300000E+02  2.830535E-03  7.986682E-04
   8.200001E+01  3.420000E+02  3.037960E-03  8.269532E-04
   8.200001E+01  3.540000E+02  3.238493E-03  8.542901E-04
    
   8.600001E+01  6.000001E+00  1.140268E-03  5.048138E-04
   8.600001E+01  1.800000E+01  1.167254E-03  5.103969E-04
   8.600001E+01  3.000000E+01  1.217742E-03  5.213735E-04
   8.600001E+01  4.200000E+01  1.444805E-03  5.681493E-04
   8.600001E+01  5.400001E+01  1.161439E-03  5.103799E-04
   8.600001E+01  6.600001E+01  1.165617E-03  5.103921E-04
   8.600001E+01  7.800001E+01  8.421585E-04  4.323181E-04
   8.600001E+01  9.000001E+01  1.468581E-03  5.731073E-04
   8.600001E+01  1.020000E+02  1.368305E-03  5.529949E-04
   8.600001E+01  1.140000E+02  1.696737E-03  6.159691E-04
   8.600001E+01  1.260000E+02  1.244488E-03  5.267801E-04
   8.600001E+01  1.380000E+02  9.916783E-04  4.699675E-04
   8.600001E+01  1.500000E+02  1.091737E-03  4.934748E-04
   8.600001E+01  1.620000E+02  1.290045E-03  5.374088E-04
   8.600001E+01  1.740000E+02  1.163468E-03  5.103856E-04
   8.600001E+01  1.860000E+02  1.192727E-03  5.159149E-04
   8.600001E+01  1.980000E+02  1.244525E-03  5.267802E-04
   8.600001E+01  2.100000E+02  1.165024E-03  5.103903E-04
   8.600001E+01  2.220000E+02  1.269225E-03  5.321264E-04
   8.600001E+01  2.340000E+02  9.940881E-04  4.699748E-04
   8.600001E+01  2.460000E+02  1.091023E-03  4.934729E-04
   8.600001E+01  2.580000E+02  1.442900E-03  5.681443E-04
   8.600001E+01  2.700000E+02  1.116226E-03  4.991771E-04
   8.600001E+01  2.820000E+02  1.268240E-03  5.321237E-04
   8.600001E+01  2.940000E+02  1.040528E-03  4.818610E-04
   8.600001E+01  3.060000E+02  1.568762E-03  5.925366E-04
   8.600001E+01  3.180000E+02  1.241703E-03  5.267720E-04
   8.600001E+01  3.300000E+02  8.965797E-04  4.452370E-04
   8.600001E+01  3.420000E+02  1.593336E-03  5.972945E-04
   8.600001E+01  3.540000E+02  1.346233E-03  5.478594E-04
    
   9.000001E+01  6.000001E+00  1.761345E-04  1.986118E-04
   9.000001E+01  1.800000E+01  7.669962E-05  1.300357E-04
   9.000001E+01  3.000000E+01  1.517645E-04  1.838851E-04
   9.000001E+01  4.200000E+01  5.200497E-05  1.061858E-04
   9.000001E+01  5.400001E+01  9.806578E-07  1.697524E-06
   9.000001E+01  6.600001E+01  7.768040E-05  1.300468E-04
   9.000001E+01  7.800001E+01  1.020475E-04  1.501502E-04
   9.000001E+01  9.000001E+01  1.507851E-04  1.838773E-04
   9.000001E+01  1.020000E+02  1.013953E-04  1.501438E-04
   9.000001E+01  1.140000E+02  5.135083E-05  1.061768E-04
   9.000001E+01  1.260000E+02  7.578055E-05  1.300248E-04
   9.000001E+01  1.380000E+02  1.040080E-04  1.501693E-04
   9.000001E+01  1.500000E+02  7.669937E-05  1.300357E-04
   9.000001E+01  1.620000E+02  1.764604E-04  1.986142E-04
   9.000001E+01  1.740000E+02  1.030278E-04  1.501598E-04
   9.000001E+01  1.860000E+02  1.254374E-04  1.678544E-04
   9.000001E+01  1.980000E+02  7.670051E-05  1.300357E-04
   9.000001E+01  2.100000E+02  1.270697E-04  1.678687E-04
   9.000001E+01  2.220000E+02  5.200473E-05  1.061858E-04
   9.000001E+01  2.340000E+02  1.771138E-04  1.986190E-04
   9.000001E+01  2.460000E+02  5.167825E-05  1.061813E-04
   9.000001E+01  2.580000E+02  1.517655E-04  1.838851E-04
   9.000001E+01  2.700000E+02  7.604651E-05  1.300283E-04
   9.000001E+01  2.820000E+02  5.265856E-05  1.061948E-04
   9.000001E+01  2.940000E+02  5.167766E-05  1.061813E-04
   9.000001E+01  3.060000E+02  1.511125E-04  1.838799E-04
   9.000001E+01  3.180000E+02  1.765215E-04  1.986143E-04
   9.000001E+01  3.300000E+02  5.037059E-05  1.061632E-04
   9.000001E+01  3.420000E+02  1.267450E-04  1.678658E-04
   9.000001E+01  3.540000E+02  1.008022E-04  1.501375E-04
    
   9.400001E+01  6.000001E+00  1.000000E-35  1.000000E-35
   9.400001E+01  1.800000E+01  1.000000E-35  1.000000E-35
   9.400001E+01  3.000000E+01  1.000000E-35  1.000000E-35
   9.400001E+01  4.200000E+01  1.000000E-35  1.000000E-35
   9.400001E+01  5.400001E+01  1.000000E-35  1.000000E-35
   9.400001E+01  6.600001E+01  1.000000E-35  1.000000E-35
   9.400001E+01  7.800001E+01  1.000000E-35  1.000000E-35
   9.400001E+01  9.000001E+01  1.000000E-35  1.000000E-35
   9.400001E+01  1.020000E+02  1.000000E-35  1.000000E-35
   9.400001E+01  1.140000E+02  1.000000E-35  1.000000E-35
   9.400001E+01  1.260000E+02  1.000000E-35  1.000000E-35
   9.400001E+01  1.380000E+02  1.000000E-35  1.000000E-35
   9.400001E+01  1.500000E+02  1.000000E-35  1.000000E-35
   9.400001E+01  1.620000E+02  1.000000E-35  1.000000E-35
   9.400001E+01  1.740000E+02  1.000000E-35  1.000000E-35
   9.400001E+01  1.860000E+02  1.000000E-35  1.000000E-35
   9.400001E+01  1.980000E+02  1.000000E-35  1.000000E-35
   9.400001E+01  2.100000E+02  1.000000E-35  1.000000E-35
   9.400001E+01  2.220000E+02  1.000000E-35  1.000000E-35
   9.400001E+01  2.340000E+02  1.000000E-35  1.000000E-35
   9.400001E+01  2.460000E+02  1.000000E-35  1.000000E-35
   9.400001E+01  2.580000E+02  1.000000E-35  1.000000E-35
   9.400001E+01  2.700000E+02  1.000000E-35  1.000000E-35
   9.400001E+01  2.820000E+02  1.000000E-35  1.000000E-35
   9.400001E+01  2.940000E+02  1.000000E-35  1.000000E-35
   9.400001E+01  3.060000E+02  1.000000E-35  1.000000E-35
   9.400001E+01  3.180000E+02  1.000000E-35  1.000000E-35
   9.400001E+01  3.300000E+02  1.000000E-35  1.000000E-35
   9.400001E+01  3.420000E+02  1.000000E-35  1.000000E-35
   9.400001E+01  3.540000E+02  1.000000E-35  1.000000E-35
    
   9.800001E+01  6.000001E+00  1.000000E-35  1.000000E-35
   9.800001E+01  1.800000E+01  1.000000E-35  1.000000E-35
   9.800001E+01  3.000000E+01  1.000000E-35  1.000000E-35
   9.800001E+01  4.200000E+01  1.000000E-35  1.000000E-35
   9.800001E+01  5.400001E+01  1.000000E-35  1.000000E-35
   9.800001E+01  6.600001E+01  1.000000E-35  1.000000E-35
   9.800001E+01  7.800001E+01  1.000000E-35  1.000000E-35
   9.800001E+01  9.000001E+01  1.000000E-35  1.000000E-35
   9.800001E+01  1.020000E+02  1.000000E-35  1.000000E-35
   9.800001E+01  1.140000E+02  1.000000E-35  1.000000E-35
   9.800001E+01  1.260000E+02  1.000000E-35  1.000000E-35
   9.800001E+01  1.380000E+02  1.000000E-35  1.000000E-35
   9.800001E+01  1.500000E+02  1.000000E-35  1.000000E-35
   9.800001E+01  1.620000E+02  1.000000E-35  1.000000E-35
   9.800001E+01  1.740000E+02  1.000000E-35  1.000000E-35
   9.800001E+01  1.860000E+02  1.000000E-35  1.000000E-35
   9.800001E+01  1.980000E+02  1.000000E-35  1.000000E-35
   9.800001E+01  2.100000E+02  5.305360E-10  1.591608E-09
   9.800001E+01  2.220000E+02  1.000000E-35  1.000000E-35
   9.800001E+01  2.340000E+02  1.000000E-35  1.000000E-35
   9.800001E+01  2.460000E+02  1.000000E-35  1.000000E-35
   9.800001E+01  2.580000E+02  1.000000E-35  1.000000E-35
   9.800001E+01  2.700000E+02  1.000000E-35  1.000000E-35
   9.800001E+01  2.820000E+02  1.000000E-35  1.000000E-35
   9.800001E+01  2.940000E+02  1.000000E-35  1.000000E-35
   9.800001E+01  3.060000E+02  1.000000E-35  1.000000E-35
   9.800001E+01  3.180000E+02  1.000000E-35  1.000000E-35
   9.800001E+01  3.300000E+02  1.000000E-35  1.000000E-35
   9.800001E+01  3.420000E+02  1.000000E-35  1.000000E-35
   9.800001E+01  3.540000E+02  1.000000E-35  1.000000E-35
    
   1.020000E+02  6.000001E+00  1.000000E-35  1.000000E-35
   1.020000E+02  1.800000E+01  1.000000E-35  1.000000E-35
   1.020000E+02  3.000000E+01  1.000000E-35  1.000000E-35
   1.020000E+02  4.200000E+01  1.000000E-35  1.000000E-35
   1.020000E+02  5.400001E+01  1.000000E-35  1.000000E-35
   1.020000E+02  6.600001E+01  1.000000E-35  1.000000E-35
   1.020000E+02  7.800001E+01  1.000000E-35  1.000000E-35
   1.020000E+02  9.000001E+01  1.000000E-35  1.000000E-35
   1.020000E+02  1.020000E+02  1.000000E-35  1.000000E-35
   1.020000E+02  1.140000E+02  1.000000E-35  1.000000E-35
   1.020000E+02  1.260000E+02  1.000000E-35  1.000000E-35
   1.020000E+02  1.380000E+02  1.000000E-35  1.000000E-35
   1.020000E+02  1.500000E+02  1.000000E-35  1.000000E-35
   1.020000E+02  1.620000E+02  1.000000E-35  1.000000E-35
   1.020000E+02  1.740000E+02  1.000000E-35  1.000000E-35
   1.020000E+02  1.860000E+02  1.000000E-35  1.000000E-35
   1.020000E+02  1.980000E+02  1.000000E-35  1.000000E-35
   1.020000E+02  2.100000E+02  1.000000E-35  1.000000E-35
   1.020000E+02  2.220000E+02  1.000000E-35  1.000000E-35
   1.020000E+02  2.340000E+02  1.000000E-35  1.000000E-35
   1.020000E+02  2.460000E+02  1.000000E-35  1.000000E-35
   1.020000E+02  2.580000E+02  1.000000E-35  1.000000E-35
   1.020000E+02  2.700000E+02  1.000000E-35  1.000000E-35
   1.020000E+02  2.820000E+02  1.000000E-35  1.000000E-35
   1.020000E+02  2.940000E+02  1.000000E-35  1.000000E-35
   1.020000E+02  3.060000E+02  1.000000E-35  1.000000E-35
   1.020000E+02  3.180000E+02  1.000000E-35  1.000000E-35
   1.020000E+02  3.300000E+02  1.000000E-35  1.000000E-35
   1.020000E+02  3.420000E+02  1.000000E-35  1.000000E-35
   1.020000E+02  3.540000E+02  1.000000E-35  1.000000E-35
    
   1.060000E+02  6.000001E+00  1.000000E-35  1.000000E-35
   1.060000E+02  1.800000E+01  1.000000E-35  1.000000E-35
   1.060000E+02  3.000000E+01  1.000000E-35  1.000000E-35
   1.060000E+02  4.200000E+01  1.000000E-35  1.000000E-35
   1.060000E+02  5.400001E+01  1.000000E-35  1.000000E-35
   1.060000E+02  6.600001E+01  1.000000E-35  1.000000E-35
   1.060000E+02  7.800001E+01  1.000000E-35  1.000000E-35
   1.060000E+02  9.000001E+01  1.000000E-35  1.000000E-35
   1.060000E+02  1.020000E+02  1.000000E-35  1.000000E-35
   1.060000E+02  1.140000E+02  1.000000E-35  1.000000E-35
   1.060000E+02  1.260000E+02  1.000000E-35  1.000000E-35
   1.060000E+02  1.380000E+02  1.000000E-35  1.000000E-35
   1.060000E+02  1.500000E+02  1.000000E-35  1.000000E-35
   1.060000E+02  1.620000E+02  1.000000E-35  1.000000E-35
   1.060000E+02  1.740000E+02  1.000000E-35  1.000000E-35
   1.060000E+02  1.860000E+02  1.000000E-35  1.000000E-35
   1.060000E+02  1.980000E+02  1.000000E-35  1.000000E-35
   1.060000E+02  2.100000E+02  1.000000E-35  1.000000E-35
   1.060000E+02  2.220000E+02  1.000000E-35  1.000000E-35
   1.060000E+02  2.340000E+02  1.000000E-35  1.000000E-35
   1.060000E+02  2.460000E+02  1.000000E-35  1.000000E-35
   1.060000E+02  2.580000E+02  1.000000E-35  1.000000E-35
   1.060000E+02  2.700000E+02  1.000000E-35  1.000000E-35
   1.060000E+02  2.820000E+02  1.000000E-35  1.000000E-35
   1.060000E+02  2.940000E+02  1.000000E-35  1.000000E-35
   1.060000E+02  3.060000E+02  1.000000E-35  1.000000E-35
   1.060000E+02  3.180000E+02  1.000000E-35  1.000000E-35
   1.060000E+02  3.300000E+02  1.000000E-35  1.000000E-35
   1.060000E+02  3.420000E+02  5.465452E-10  1.639635E-09
   1.060000E+02  3.540000E+02  1.000000E-35  1.000000E-35
    
   1.100000E+02  6.000001E+00  1.000000E-35  1.000000E-35
   1.100000E+02  1.800000E+01  1.000000E-35  1.000000E-35
   1.100000E+02  3.000000E+01  1.000000E-35  1.000000E-35
   1.100000E+02  4.200000E+01  1.000000E-35  1.000000E-35
   1.100000E+02  5.400001E+01  1.000000E-35  1.000000E-35
   1.100000E+02  6.600001E+01  1.000000E-35  1.000000E-35
   1.100000E+02  7.800001E+01  1.000000E-35  1.000000E-35
   1.100000E+02  9.000001E+01  1.000000E-35  1.000000E-35
   1.100000E+02  1.020000E+02  1.000000E-35  1.000000E-35
   1.100000E+02  1.140000E+02  1.000000E-35  1.000000E-35
   1.100000E+02  1.260000E+02  1.000000E-35  1.000000E-35
   1.100000E+02  1.380000E+02  1.000000E-35  1.000000E-35
   1.100000E+02  1.500000E+02  1.000000E-35  1.000000E-35
   1.100000E+02  1.620000E+02  1.000000E-35  1.000000E-35
   1.100000E+02  1.740000E+02  1.000000E-35  1.000000E-35
   1.100000E+02  1.860000E+02  1.000000E-35  1.000000E-35
   1.100000E+02  1.980000E+02  1.000000E-35  1.000000E-35
   1.100000E+02  2.100000E+02  1.000000E-35  1.000000E-35
   1.100000E+02  2.220000E+02  1.000000E-35  1.000000E-35
   1.100000E+02  2.340000E+02  1.000000E-35  1.000000E-35
   1.100000E+02  2.460000E+02  1.000000E-35  1.000000E-35
   1.100000E+02  2.580000E+02  1.000000E-35  1.000000E-35
   1.100000E+02  2.700000E+02  1.000000E-35  1.000000E-35
   1.100000E+02  2.820000E+02  1.000000E-35  1.000000E-35
   1.100000E+02  2.940000E+02  1.000000E-35  1.000000E-35
   1.100000E+02  3.060000E+02  1.000000E-35  1.000000E-35
   1.100000E+02  3.180000E+02  1.000000E-35  1.000000E-35
   1.100000E+02  3.300000E+02  3.089771E-10  9.269311E-10
   1.100000E+02  3.420000E+02  3.089771E-10  9.269311E-10
   1.100000E+02  3.540000E+02  1.000000E-35  1.000000E-35
    
   1.140000E+02  6.000001E+00  1.000000E-35  1.000000E-35
   1.140000E+02  1.800000E+01  1.000000E-35  1.000000E-35
   1.140000E+02  3.000000E+01  1.000000E-35  1.000000E-35
   1.140000E+02  4.200000E+01  1.000000E-35  1.000000E-35
   1.140000E+02  5.400001E+01  1.000000E-35  1.000000E-35
   1.140000E+02  6.600001E+01  1.000000E-35  1.000000E-35
   1.140000E+02  7.800001E+01  1.000000E-35  1.000000E-35
   1.140000E+02  9.000001E+01  1.000000E-35  1.000000E-35
   1.140000E+02  1.020000E+02  1.000000E-35  1.000000E-35
   1.140000E+02  1.140000E+02  1.000000E-35  1.000000E-35
   1.140000E+02  1.260000E+02  1.000000E-35  1.000000E-35
   1.140000E+02  1.380000E+02  1.000000E-35  1.000000E-35
   1.140000E+02  1.500000E+02  1.000000E-35  1.000000E-35
   1.140000E+02  1.620000E+02  1.000000E-35  1.000000E-35
   1.140000E+02  1.740000E+02  1.000000E-35  1.000000E-35
   1.140000E+02  1.860000E+02  1.000000E-35  1.000000E-35
   1.140000E+02  1.980000E+02  1.000000E-35  1.000000E-35
   1.140000E+02  2.100000E+02  1.000000E-35  1.000000E-35
   1.140000E+02  2.220000E+02  5.750923E-10  1.725277E-09
   1.140000E+02  2.340000E+02  1.000000E-35  1.000000E-35
   1.140000E+02  2.460000E+02  1.000000E-35  1.000000E-35
   1.140000E+02  2.580000E+02  1.000000E-35  1.000000E-35
   1.140000E+02  2.700000E+02  1.000000E-35  1.000000E-35
   1.140000E+02  2.820000E+02  1.000000E-35  1.000000E-35
   1.140000E+02  2.940000E+02  1.000000E-35  1.000000E-35
   1.140000E+02  3.060000E+02  1.000000E-35  1.000000E-35
   1.140000E+02  3.180000E+02  1.000000E-35  1.000000E-35
   1.140000E+02  3.300000E+02  1.000000E-35  1.000000E-35
   1.140000E+02  3.420000E+02  1.000000E-35  1.000000E-35
   1.140000E+02  3.540000E+02  1.000000E-35  1.000000E-35
    
   1.180000E+02  6.000001E+00  1.000000E-35  1.000000E-35
   1.180000E+02  1.800000E+01  1.000000E-35  1.000000E-35
   1.180000E+02  3.000000E+01  1.000000E-35  1.000000E-35
   1.180000E+02  4.200000E+01  1.000000E-35  1.000000E-35
   1.180000E+02  5.400001E+01  1.000000E-35  1.000000E-35
   1.180000E+02  6.600001E+01  5.950217E-10  1.785065E-09
   1.180000E+02  7.800001E+01  5.950217E-10  1.785065E-09
   1.180000E+02  9.000001E+01  1.000000E-35  1.000000E-35
   1.180000E+02  1.020000E+02  1.000000E-35  1.000000E-35
   1.180000E+02  1.140000E+02  1.000000E-35  1.000000E-35
   1.180000E+02  1.260000E+02  1.000000E-35  1.000000E-35
   1.180000E+02  1.380000E+02  1.000000E-35  1.000000E-35
   1.180000E+02  1.500000E+02  1.000000E-35  1.000000E-35
   1.180000E+02  1.620000E+02  1.000000E-35  1.000000E-35
   1.180000E+02  1.740000E+02  1.000000E-35  1.000000E-35
   1.180000E+02  1.860000E+02  1.000000E-35  1.000000E-35
   1.180000E+02  1.980000E+02  1.000000E-35  1.000000E-35
   1.180000E+02  2.100000E+02  1.000000E-35  1.000000E-35
   1.180000E+02  2.220000E+02  1.000000E-35  1.000000E-35
   1.180000E+02  2.340000E+02  1.000000E-35  1.000000E-35
   1.180000E+02  2.460000E+02  1.000000E-35  1.000000E-35
   1.180000E+02  2.580000E+02  1.000000E-35  1.000000E-35
   1.180000E+02  2.700000E+02  1.000000E-35  1.000000E-35
   1.180000E+02  2.820000E+02  1.000000E-35  1.000000E-35
   1.180000E+02  2.940000E+02  1.000000E-35  1.000000E-35
   1.180000E+02  3.060000E+02  1.000000E-35  1.000000E-35
   1.180000E+02  3.180000E+02  1.000000E-35  1.000000E-35
   1.180000E+02  3.300000E+02  1.000000E-35  1.000000E-35
   1.180000E+02  3.420000E+02  1.000000E-35  1.000000E-35
   1.180000E+02  3.540000E+02  1.000000E-35  1.000000E-35
    
   1.220000E+02  6.000001E+00  1.000000E-35  1.000000E-35
   1.220000E+02  1.800000E+01  1.000000E-35  1.000000E-35
   1.220000E+02  3.000000E+01  1.000000E-35  1.000000E-35
   1.220000E+02  4.200000E+01  1.000000E-35  1.000000E-35
   1.220000E+02  5.400001E+01  1.000000E-35  1.000000E-35
   1.220000E+02  6.600001E+01  1.000000E-35  1.000000E-35
   1.220000E+02  7.800001E+01  1.000000E-35  1.000000E-35
   1.220000E+02  9.000001E+01  1.000000E-35  1.000000E-35
   1.220000E+02  1.020000E+02  1.000000E-35  1.000000E-35
   1.220000E+02  1.140000E+02  1.000000E-35  1.000000E-35
   1.220000E+02  1.260000E+02  1.000000E-35  1.000000E-35
   1.220000E+02  1.380000E+02  1.000000E-35  1.000000E-35
   1.220000E+02  1.500000E+02  6.195085E-10  1.858525E-09
   1.220000E+02  1.620000E+02  1.000000E-35  1.000000E-35
   1.220000E+02  1.740000E+02  1.000000E-35  1.000000E-35
   1.220000E+02  1.860000E+02  1.000000E-35  1.000000E-35
   1.220000E+02  1.980000E+02  1.000000E-35  1.000000E-35
   1.220000E+02  2.100000E+02  1.000000E-35  1.000000E-35
   1.220000E+02  2.220000E+02  1.000000E-35  1.000000E-35
   1.220000E+02  2.340000E+02  1.000000E-35  1.000000E-35
   1.220000E+02  2.460000E+02  1.000000E-35  1.000000E-35
   1.220000E+02  2.580000E+02  1.000000E-35  1.000000E-35
   1.220000E+02  2.700000E+02  1.000000E-35  1.000000E-35
   1.220000E+02  2.820000E+02  1.000000E-35  1.000000E-35
   1.220000E+02  2.940000E+02  1.000000E-35  1.000000E-35
   1.220000E+02  3.060000E+02  1.000000E-35  1.000000E-35
   1.220000E+02  3.180000E+02  1.000000E-35  1.000000E-35
   1.220000E+02  3.300000E+02  1.000000E-35  1.000000E-35
   1.220000E+02  3.420000E+02  1.000000E-35  1.000000E-35
   1.220000E+02  3.540000E+02  1.000000E-35  1.000000E-35
    
   1.260000E+02  6.000001E+00  1.000000E-35  1.000000E-35
   1.260000E+02  1.800000E+01  6.493967E-10  1.948190E-09
   1.260000E+02  3.000000E+01  1.000000E-35  1.000000E-35
   1.260000E+02  4.200000E+01  1.000000E-35  1.000000E-35
   1.260000E+02  5.400001E+01  1.000000E-35  1.000000E-35
   1.260000E+02  6.600001E+01  1.000000E-35  1.000000E-35
   1.260000E+02  7.800001E+01  6.493967E-10  1.948190E-09
   1.260000E+02  9.000001E+01  1.000000E-35  1.000000E-35
   1.260000E+02  1.020000E+02  1.000000E-35  1.000000E-35
   1.260000E+02  1.140000E+02  3.588843E-10  1.076653E-09
   1.260000E+02  1.260000E+02  1.000000E-35  1.000000E-35
   1.260000E+02  1.380000E+02  1.000000E-35  1.000000E-35
   1.260000E+02  1.500000E+02  1.000000E-35  1.000000E-35
   1.260000E+02  1.620000E+02  1.000000E-35  1.000000E-35
   1.260000E+02  1.740000E+02  1.000000E-35  1.000000E-35
   1.260000E+02  1.860000E+02  1.000000E-35  1.000000E-35
   1.260000E+02  1.980000E+02  1.000000E-35  1.000000E-35
   1.260000E+02  2.100000E+02  1.000000E-35  1.000000E-35
   1.260000E+02  2.220000E+02  1.000000E-35  1.000000E-35
   1.260000E+02  2.340000E+02  1.000000E-35  1.000000E-35
   1.260000E+02  2.460000E+02  1.000000E-35  1.000000E-35
   1.260000E+02  2.580000E+02  6.493967E-10  1.948190E-09
   1.260000E+02  2.700000E+02  6.493967E-10  1.948190E-09
   1.260000E+02  2.820000E+02  1.000000E-35  1.000000E-35
   1.260000E+02  2.940000E+02  1.000000E-35  1.000000E-35
   1.260000E+02  3.060000E+02  1.000000E-35  1.000000E-35
   1.260000E+02  3.180000E+02  1.000000E-35  1.000000E-35
   1.260000E+02  3.300000E+02  1.000000E-35  1.000000E-35
   1.260000E+02  3.420000E+02  1.000000E-35  1.000000E-35
   1.260000E+02  3.540000E+02  1.000000E-35  1.000000E-35
    
   1.300000E+02  6.000001E+00  1.000000E-35  1.000000E-35
   1.300000E+02  1.800000E+01  1.000000E-35  1.000000E-35
   1.300000E+02  3.000000E+01  1.000000E-35  1.000000E-35
   1.300000E+02  4.200000E+01  1.000000E-35  1.000000E-35
   1.300000E+02  5.400001E+01  1.000000E-35  1.000000E-35
   1.300000E+02  6.600001E+01  1.000000E-35  1.000000E-35
   1.300000E+02  7.800001E+01  1.000000E-35  1.000000E-35
   1.300000E+02  9.000001E+01  6.858257E-10  2.057477E-09
   1.300000E+02  1.020000E+02  1.000000E-35  1.000000E-35
   1.300000E+02  1.140000E+02  1.000000E-35  1.000000E-35
   1.300000E+02  1.260000E+02  1.000000E-35  1.000000E-35
   1.300000E+02  1.380000E+02  1.000000E-35  1.000000E-35
   1.300000E+02  1.500000E+02  1.000000E-35  1.000000E-35
   1.300000E+02  1.620000E+02  1.000000E-35  1.000000E-35
   1.300000E+02  1.740000E+02  1.000000E-35  1.000000E-35
   1.300000E+02  1.860000E+02  1.000000E-35  1.000000E-35
   1.300000E+02  1.980000E+02  1.000000E-35  1.000000E-35
   1.300000E+02  2.100000E+02  1.000000E-35  1.000000E-35
   1.300000E+02  2.220000E+02  1.000000E-35  1.000000E-35
   1.300000E+02  2.340000E+02  1.000000E-35  1.000000E-35
   1.300000E+02  2.460000E+02  1.000000E-35  1.000000E-35
   1.300000E+02  2.580000E+02  1.000000E-35  1.000000E-35
   1.300000E+02  2.700000E+02  1.000000E-35  1.000000E-35
   1.300000E+02  2.820000E+02  1.000000E-35  1.000000E-35
   1.300000E+02  2.940000E+02  1.000000E-35  1.000000E-35
   1.300000E+02  3.060000E+02  1.000000E-35  1.000000E-35
   1.300000E+02  3.180000E+02  1.000000E-35  1.000000E-35
   1.300000E+02  3.300000E+02  1.000000E-35  1.000000E-35
   1.300000E+02  3.420000E+02  6.858257E-10  2.057477E-09
   1.300000E+02  3.540000E+02  1.000000E-35  1.000000E-35
    
   1.340000E+02  6.000001E+00  1.000000E-35  1.000000E-35
   1.340000E+02  1.800000E+01  1.000000E-35  1.000000E-35
   1.340000E+02  3.000000E+01  7.303544E-10  2.191063E-09
   1.340000E+02  4.200000E+01  1.000000E-35  1.000000E-35
   1.340000E+02  5.400001E+01  1.000000E-35  1.000000E-35
   1.340000E+02  6.600001E+01  1.000000E-35  1.000000E-35
   1.340000E+02  7.800001E+01  1.000000E-35  1.000000E-35
   1.340000E+02  9.000001E+01  1.000000E-35  1.000000E-35
   1.340000E+02  1.020000E+02  1.000000E-35  1.000000E-35
   1.340000E+02  1.140000E+02  1.000000E-35  1.000000E-35
   1.340000E+02  1.260000E+02  1.000000E-35  1.000000E-35
   1.340000E+02  1.380000E+02  1.000000E-35  1.000000E-35
   1.340000E+02  1.500000E+02  1.000000E-35  1.000000E-35
   1.340000E+02  1.620000E+02  1.000000E-35  1.000000E-35
   1.340000E+02  1.740000E+02  1.000000E-35  1.000000E-35
   1.340000E+02  1.860000E+02  7.303544E-10  2.191063E-09
   1.340000E+02  1.980000E+02  1.000000E-35  1.000000E-35
   1.340000E+02  2.100000E+02  1.000000E-35  1.000000E-35
   1.340000E+02  2.220000E+02  4.036250E-10  1.210875E-09
   1.340000E+02  2.340000E+02  1.000000E-35  1.000000E-35
   1.340000E+02  2.460000E+02  1.000000E-35  1.000000E-35
   1.340000E+02  2.580000E+02  1.000000E-35  1.000000E-35
   1.340000E+02  2.700000E+02  7.303544E-10  2.191063E-09
   1.340000E+02  2.820000E+02  1.000000E-35  1.000000E-35
   1.340000E+02  2.940000E+02  1.000000E-35  1.000000E-35
   1.340000E+02  3.060000E+02  7.303544E-10  2.191063E-09
   1.340000E+02  3.180000E+02  7.303544E-10  2.191063E-09
   1.340000E+02  3.300000E+02  1.000000E-35  1.000000E-35
   1.340000E+02  3.420000E+02  1.000000E-35  1.000000E-35
   1.340000E+02  3.540000E+02  1.000000E-35  1.000000E-35
    
   1.380000E+02  6.000001E+00  7.851577E-10  2.355473E-09
   1.380000E+02  1.800000E+01  1.000000E-35  1.000000E-35
   1.380000E+02  3.000000E+01  1.000000E-35  1.000000E-35
   1.380000E+02  4.200000E+01  1.000000E-35  1.000000E-35
   1.380000E+02  5.400001E+01  7.851577E-10  2.355473E-09
   1.380000E+02  6.600001E+01  1.000000E-35  1.000000E-35
   1.380000E+02  7.800001E+01  1.000000E-35  1.000000E-35
   1.380000E+02  9.000001E+01  1.000000E-35  1.000000E-35
   1.380000E+02  1.020000E+02  1.000000E-35  1.000000E-35
   1.380000E+02  1.140000E+02  1.000000E-35  1.000000E-35
   1.380000E+02  1.260000E+02  1.000000E-35  1.000000E-35
   1.380000E+02  1.380000E+02  1.000000E-35  1.000000E-35
   1.380000E+02  1.500000E+02  1.000000E-35  1.000000E-35
   1.380000E+02  1.620000E+02  1.000000E-35  1.000000E-35
   1.380000E+02  1.740000E+02  1.000000E-35  1.000000E-35
   1.380000E+02  1.860000E+02  1.000000E-35  1.000000E-35
   1.380000E+02  1.980000E+02  1.000000E-35  1.000000E-35
   1.380000E+02  2.100000E+02  1.000000E-35  1.000000E-35
   1.380000E+02  2.220000E+02  1.000000E-35  1.000000E-35
   1.380000E+02  2.340000E+02  1.000000E-35  1.000000E-35
   1.380000E+02  2.460000E+02  1.000000E-35  1.000000E-35
   1.380000E+02  2.580000E+02  1.000000E-35  1.000000E-35
   1.380000E+02  2.700000E+02  1.000000E-35  1.000000E-35
   1.380000E+02  2.820000E+02  1.000000E-35  1.000000E-35
   1.380000E+02  2.940000E+02  7.851577E-10  2.355473E-09
   1.380000E+02  3.060000E+02  1.000000E-35  1.000000E-35
   1.380000E+02  3.180000E+02  1.000000E-35  1.000000E-35
   1.380000E+02  3.300000E+02  1.000000E-35  1.000000E-35
   1.380000E+02  3.420000E+02  1.000000E-35  1.000000E-35
   1.380000E+02  3.540000E+02  1.000000E-35  1.000000E-35
    
   1.420000E+02  6.000001E+00  1.000000E-35  1.000000E-35
   1.420000E+02  1.800000E+01  1.000000E-35  1.000000E-35
   1.420000E+02  3.000000E+01  1.000000E-35  1.000000E-35
   1.420000E+02  4.200000E+01  1.000000E-35  1.000000E-35
   1.420000E+02  5.400001E+01  1.000000E-35  1.000000E-35
   1.420000E+02  6.600001E+01  1.000000E-35  1.000000E-35
   1.420000E+02  7.800001E+01  1.000000E-35  1.000000E-35
   1.420000E+02  9.000001E+01  1.000000E-35  1.000000E-35
   1.420000E+02  1.020000E+02  1.000000E-35  1.000000E-35
   1.420000E+02  1.140000E+02  1.000000E-35  1.000000E-35
   1.420000E+02  1.260000E+02  1.000000E-35  1.000000E-35
   1.420000E+02  1.380000E+02  1.000000E-35  1.000000E-35
   1.420000E+02  1.500000E+02  1.000000E-35  1.000000E-35
   1.420000E+02  1.620000E+02  1.000000E-35  1.000000E-35
   1.420000E+02  1.740000E+02  1.000000E-35  1.000000E-35
   1.420000E+02  1.860000E+02  1.000000E-35  1.000000E-35
   1.420000E+02  1.980000E+02  1.000000E-35  1.000000E-35
   1.420000E+02  2.100000E+02  1.000000E-35  1.000000E-35
   1.420000E+02  2.220000E+02  1.000000E-35  1.000000E-35
   1.420000E+02  2.340000E+02  1.000000E-35  1.000000E-35
   1.420000E+02  2.460000E+02  1.000000E-35  1.000000E-35
   1.420000E+02  2.580000E+02  1.000000E-35  1.000000E-35
   1.420000E+02  2.700000E+02  1.000000E-35  1.000000E-35
   1.420000E+02  2.820000E+02  1.000000E-35  1.000000E-35
   1.420000E+02  2.940000E+02  1.000000E-35  1.000000E-35
   1.420000E+02  3.060000E+02  1.000000E-35  1.000000E-35
   1.420000E+02  3.180000E+02  1.000000E-35  1.000000E-35
   1.420000E+02  3.300000E+02  1.000000E-35  1.000000E-35
   1.420000E+02  3.420000E+02  1.000000E-35  1.000000E-35
   1.420000E+02  3.540000E+02  1.000000E-35  1.000000E-35
    
   1.460000E+02  6.000001E+00  1.000000E-35  1.000000E-35
   1.460000E+02  1.800000E+01  1.000000E-35  1.000000E-35
   1.460000E+02  3.000000E+01  1.000000E-35  1.000000E-35
   1.460000E+02  4.200000E+01  1.000000E-35  1.000000E-35
   1.460000E+02  5.400001E+01  1.000000E-35  1.000000E-35
   1.460000E+02  6.600001E+01  9.395203E-10  2.818560E-09
   1.460000E+02  7.800001E+01  1.000000E-35  1.000000E-35
   1.460000E+02  9.000001E+01  1.000000E-35  1.000000E-35
   1.460000E+02  1.020000E+02  1.000000E-35  1.000000E-35
   1.460000E+02  1.140000E+02  1.000000E-35  1.000000E-35
   1.460000E+02  1.260000E+02  1.000000E-35  1.000000E-35
   1.460000E+02  1.380000E+02  1.000000E-35  1.000000E-35
   1.460000E+02  1.500000E+02  1.000000E-35  1.000000E-35
   1.460000E+02  1.620000E+02  1.000000E-35  1.000000E-35
   1.460000E+02  1.740000E+02  1.000000E-35  1.000000E-35
   1.460000E+02  1.860000E+02  1.000000E-35  1.000000E-35
   1.460000E+02  1.980000E+02  9.395203E-10  2.818560E-09
   1.460000E+02  2.100000E+02  1.000000E-35  1.000000E-35
   1.460000E+02  2.220000E+02  1.000000E-35  1.000000E-35
   1.460000E+02  2.340000E+02  1.000000E-35  1.000000E-35
   1.460000E+02  2.460000E+02  1.000000E-35  1.000000E-35
   1.460000E+02  2.580000E+02  1.000000E-35  1.000000E-35
   1.460000E+02  2.700000E+02  1.000000E-35  1.000000E-35
   1.460000E+02  2.820000E+02  1.000000E-35  1.000000E-35
   1.460000E+02  2.940000E+02  1.000000E-35  1.000000E-35
   1.460000E+02  3.060000E+02  1.000000E-35  1.000000E-35
   1.460000E+02  3.180000E+02  1.000000E-35  1.000000E-35
   1.460000E+02  3.300000E+02  1.000000E-35  1.000000E-35
   1.460000E+02  3.420000E+02  1.000000E-35  1.000000E-35
   1.460000E+02  3.540000E+02  1.000000E-35  1.000000E-35
    
   1.500000E+02  6.000001E+00  5.806872E-10  1.742061E-09
   1.500000E+02  1.800000E+01  1.000000E-35  1.000000E-35
   1.500000E+02  3.000000E+01  1.000000E-35  1.000000E-35
   1.500000E+02  4.200000E+01  1.000000E-35  1.000000E-35
   1.500000E+02  5.400001E+01  1.000000E-35  1.000000E-35
   1.500000E+02  6.600001E+01  1.000000E-35  1.000000E-35
   1.500000E+02  7.800001E+01  1.000000E-35  1.000000E-35
   1.500000E+02  9.000001E+01  1.000000E-35  1.000000E-35
   1.500000E+02  1.020000E+02  1.000000E-35  1.000000E-35
   1.500000E+02  1.140000E+02  1.000000E-35  1.000000E-35
   1.500000E+02  1.260000E+02  1.000000E-35  1.000000E-35
   1.500000E+02  1.380000E+02  1.050746E-09  3.152238E-09
   1.500000E+02  1.500000E+02  1.000000E-35  1.000000E-35
   1.500000E+02  1.620000E+02  1.000000E-35  1.000000E-35
   1.500000E+02  1.740000E+02  1.000000E-35  1.000000E-35
   1.500000E+02  1.860000E+02  1.000000E-35  1.000000E-35
   1.500000E+02  1.980000E+02  1.000000E-35  1.000000E-35
   1.500000E+02  2.100000E+02  1.000000E-35  1.000000E-35
   1.500000E+02  2.220000E+02  1.000000E-35  1.000000E-35
   1.500000E+02  2.340000E+02  1.000000E-35  1.000000E-35
   1.500000E+02  2.460000E+02  1.000000E-35  1.000000E-35
   1.500000E+02  2.580000E+02  1.000000E-35  1.000000E-35
   1.500000E+02  2.700000E+02  1.000000E-35  1.000000E-35
   1.500000E+02  2.820000E+02  1.000000E-35  1.000000E-35
   1.500000E+02  2.940000E+02  1.000000E-35  1.000000E-35
   1.500000E+02  3.060000E+02  1.000000E-35  1.000000E-35
   1.500000E+02  3.180000E+02  1.000000E-35  1.000000E-35
   1.500000E+02  3.300000E+02  1.000000E-35  1.000000E-35
   1.500000E+02  3.420000E+02  1.000000E-35  1.000000E-35
   1.500000E+02  3.540000E+02  1.000000E-35  1.000000E-35
    
   1.540000E+02  6.000001E+00  1.198467E-09  3.595399E-09
   1.540000E+02  1.800000E+01  1.000000E-35  1.000000E-35
   1.540000E+02  3.000000E+01  1.000000E-35  1.000000E-35
   1.540000E+02  4.200000E+01  1.000000E-35  1.000000E-35
   1.540000E+02  5.400001E+01  1.000000E-35  1.000000E-35
   1.540000E+02  6.600001E+01  1.000000E-35  1.000000E-35
   1.540000E+02  7.800001E+01  1.000000E-35  1.000000E-35
   1.540000E+02  9.000001E+01  1.000000E-35  1.000000E-35
   1.540000E+02  1.020000E+02  1.000000E-35  1.000000E-35
   1.540000E+02  1.140000E+02  1.000000E-35  1.000000E-35
   1.540000E+02  1.260000E+02  1.198467E-09  3.595399E-09
   1.540000E+02  1.380000E+02  1.000000E-35  1.000000E-35
   1.540000E+02  1.500000E+02  1.000000E-35  1.000000E-35
   1.540000E+02  1.620000E+02  1.000000E-35  1.000000E-35
   1.540000E+02  1.740000E+02  1.000000E-35  1.000000E-35
   1.540000E+02  1.860000E+02  1.000000E-35  1.000000E-35
   1.540000E+02  1.980000E+02  1.000000E-35  1.000000E-35
   1.540000E+02  2.100000E+02  1.000000E-35  1.000000E-35
   1.540000E+02  2.220000E+02  1.000000E-35  1.000000E-35
   1.540000E+02  2.340000E+02  1.000000E-35  1.000000E-35
   1.540000E+02  2.460000E+02  1.000000E-35  1.000000E-35
   1.540000E+02  2.580000E+02  1.000000E-35  1.000000E-35
   1.540000E+02  2.700000E+02  1.000000E-35  1.000000E-35
   1.540000E+02  2.820000E+02  1.000000E-35  1.000000E-35
   1.540000E+02  2.940000E+02  1.000000E-35  1.000000E-35
   1.540000E+02  3.060000E+02  1.000000E-35  1.000000E-35
   1.540000E+02  3.180000E+02  1.000000E-35  1.000000E-35
   1.540000E+02  3.300000E+02  1.000000E-35  1.000000E-35
   1.540000E+02  3.420000E+02  1.000000E-35  1.000000E-35
   1.540000E+02  3.540000E+02  1.000000E-35  1.000000E-35
    
   1.580000E+02  6.000001E+00  1.000000E-35  1.000000E-35
   1.580000E+02  1.800000E+01  1.000000E-35  1.000000E-35
   1.580000E+02  3.000000E+01  1.000000E-35  1.000000E-35
   1.580000E+02  4.200000E+01  1.000000E-35  1.000000E-35
   1.580000E+02  5.400001E+01  1.000000E-35  1.000000E-35
   1.580000E+02  6.600001E+01  1.000000E-35  1.000000E-35
   1.580000E+02  7.800001E+01  1.000000E-35  1.000000E-35
   1.580000E+02  9.000001E+01  1.000000E-35  1.000000E-35
   1.580000E+02  1.020000E+02  1.000000E-35  1.000000E-35
   1.580000E+02  1.140000E+02  1.000000E-35  1.000000E-35
   1.580000E+02  1.260000E+02  1.000000E-35  1.000000E-35
   1.580000E+02  1.380000E+02  1.000000E-35  1.000000E-35
   1.580000E+02  1.500000E+02  1.000000E-35  1.000000E-35
   1.580000E+02  1.620000E+02  1.000000E-35  1.000000E-35
   1.580000E+02  1.740000E+02  1.000000E-35  1.000000E-35
   1.580000E+02  1.860000E+02  1.000000E-35  1.000000E-35
   1.580000E+02  1.980000E+02  1.000000E-35  1.000000E-35
   1.580000E+02  2.100000E+02  1.000000E-35  1.000000E-35
   1.580000E+02  2.220000E+02  1.000000E-35  1.000000E-35
   1.580000E+02  2.340000E+02  1.000000E-35  1.000000E-35
   1.580000E+02  2.460000E+02  1.000000E-35  1.000000E-35
   1.580000E+02  2.580000E+02  1.000000E-35  1.000000E-35
   1.580000E+02  2.700000E+02  1.000000E-35  1.000000E-35
   1.580000E+02  2.820000E+02  1.000000E-35  1.000000E-35
   1.580000E+02  2.940000E+02  1.000000E-35  1.000000E-35
   1.580000E+02  3.060000E+02  1.000000E-35  1.000000E-35
   1.580000E+02  3.180000E+02  1.000000E-35  1.000000E-35
   1.580000E+02  3.300000E+02  1.000000E-35  1.000000E-35
   1.580000E+02  3.420000E+02  1.000000E-35  1.000000E-35
   1.580000E+02  3.540000E+02  1.000000E-35  1.000000E-35
    
   1.620000E+02  6.000001E+00  1.000000E-35  1.000000E-35
   1.620000E+02  1.800000E+01  1.000000E-35  1.000000E-35
   1.620000E+02  3.000000E+01  1.000000E-35  1.000000E-35
   1.620000E+02  4.200000E+01  1.000000E-35  1.000000E-35
   1.620000E+02  5.400001E+01  1.000000E-35  1.000000E-35
   1.620000E+02  6.600001E+01  1.000000E-35  1.000000E-35
   1.620000E+02  7.800001E+01  1.000000E-35  1.000000E-35
   1.620000E+02  9.000001E+01  1.000000E-35  1.000000E-35
   1.620000E+02  1.020000E+02  1.000000E-35  1.000000E-35
   1.620000E+02  1.140000E+02  1.000000E-35  1.000000E-35
   1.620000E+02  1.260000E+02  1.000000E-35  1.000000E-35
   1.620000E+02  1.380000E+02  1.000000E-35  1.000000E-35
   1.620000E+02  1.500000E+02  1.000000E-35  1.000000E-35
   1.620000E+02  1.620000E+02  1.000000E-35  1.000000E-35
   1.620000E+02  1.740000E+02  1.000000E-35  1.000000E-35
   1.620000E+02  1.860000E+02  1.000000E-35  1.000000E-35
   1.620000E+02  1.980000E+02  1.000000E-35  1.000000E-35
   1.620000E+02  2.100000E+02  1.000000E-35  1.000000E-35
   1.620000E+02  2.220000E+02  1.000000E-35  1.000000E-35
   1.620000E+02  2.340000E+02  1.000000E-35  1.000000E-35
   1.620000E+02  2.460000E+02  1.000000E-35  1.000000E-35
   1.620000E+02  2.580000E+02  1.000000E-35  1.000000E-35
   1.620000E+02  2.700000E+02  1.000000E-35  1.000000E-35
   1.620000E+02  2.820000E+02  1.000000E-35  1.000000E-35
   1.620000E+02  2.940000E+02  1.000000E-35  1.000000E-35
   1.620000E+02  3.060000E+02  1.000000E-35  1.000000E-35
   1.620000E+02  3.180000E+02  1.000000E-35  1.000000E-35
   1.620000E+02  3.300000E+02  1.000000E-35  1.000000E-35
   1.620000E+02  3.420000E+02  1.000000E-35  1.000000E-35
   1.620000E+02  3.540000E+02  1.000000E-35  1.000000E-35
    
   1.660000E+02  6.000001E+00  1.000000E-35  1.000000E-35
   1.660000E+02  1.800000E+01  1.000000E-35  1.000000E-35
   1.660000E+02  3.000000E+01  1.000000E-35  1.000000E-35
   1.660000E+02  4.200000E+01  1.000000E-35  1.000000E-35
   1.660000E+02  5.400001E+01  1.000000E-35  1.000000E-35
   1.660000E+02  6.600001E+01  1.000000E-35  1.000000E-35
   1.660000E+02  7.800001E+01  1.000000E-35  1.000000E-35
   1.660000E+02  9.000001E+01  1.000000E-35  1.000000E-35
   1.660000E+02  1.020000E+02  1.000000E-35  1.000000E-35
   1.660000E+02  1.140000E+02  1.000000E-35  1.000000E-35
   1.660000E+02  1.260000E+02  1.000000E-35  1.000000E-35
   1.660000E+02  1.380000E+02  1.000000E-35  1.000000E-35
   1.660000E+02  1.500000E+02  1.000000E-35  1.000000E-35
   1.660000E+02  1.620000E+02  1.000000E-35  1.000000E-35
   1.660000E+02  1.740000E+02  1.000000E-35  1.000000E-35
   1.660000E+02  1.860000E+02  1.000000E-35  1.000000E-35
   1.660000E+02  1.980000E+02  1.000000E-35  1.000000E-35
   1.660000E+02  2.100000E+02  1.000000E-35  1.000000E-35
   1.660000E+02  2.220000E+02  1.000000E-35  1.000000E-35
   1.660000E+02  2.340000E+02  1.000000E-35  1.000000E-35
   1.660000E+02  2.460000E+02  1.000000E-35  1.000000E-35
   1.660000E+02  2.580000E+02  1.000000E-35  1.000000E-35
   1.660000E+02  2.700000E+02  1.000000E-35  1.000000E-35
   1.660000E+02  2.820000E+02  1.000000E-35  1.000000E-35
   1.660000E+02  2.940000E+02  1.000000E-35  1.000000E-35
   1.660000E+02  3.060000E+02  1.000000E-35  1.000000E-35
   1.660000E+02  3.180000E+02  1.000000E-35  1.000000E-35
   1.660000E+02  3.300000E+02  1.000000E-35  1.000000E-35
   1.660000E+02  3.420000E+02  1.000000E-35  1.000000E-35
   1.660000E+02  3.540000E+02  1.000000E-35  1.000000E-35
    
   1.700000E+02  6.000001E+00  1.000000E-35  1.000000E-35
   1.700000E+02  1.800000E+01  1.000000E-35  1.000000E-35
   1.700000E+02  3.000000E+01  1.000000E-35  1.000000E-35
   1.700000E+02  4.200000E+01  1.000000E-35  1.000000E-35
   1.700000E+02  5.400001E+01  1.000000E-35  1.000000E-35
   1.700000E+02  6.600001E+01  1.000000E-35  1.000000E-35
   1.700000E+02  7.800001E+01  1.000000E-35  1.000000E-35
   1.700000E+02  9.000001E+01  1.000000E-35  1.000000E-35
   1.700000E+02  1.020000E+02  1.000000E-35  1.000000E-35
   1.700000E+02  1.140000E+02  1.000000E-35  1.000000E-35
   1.700000E+02  1.260000E+02  1.000000E-35  1.000000E-35
   1.700000E+02  1.380000E+02  1.000000E-35  1.000000E-35
   1.700000E+02  1.500000E+02  1.000000E-35  1.000000E-35
   1.700000E+02  1.620000E+02  1.000000E-35  1.000000E-35
   1.700000E+02  1.740000E+02  1.000000E-35  1.000000E-35
   1.700000E+02  1.860000E+02  1.000000E-35  1.000000E-35
   1.700000E+02  1.980000E+02  1.000000E-35  1.000000E-35
   1.700000E+02  2.100000E+02  1.000000E-35  1.000000E-35
   1.700000E+02  2.220000E+02  1.000000E-35  1.000000E-35
   1.700000E+02  2.340000E+02  1.000000E-35  1.000000E-35
   1.700000E+02  2.460000E+02  1.000000E-35  1.000000E-35
   1.700000E+02  2.580000E+02  1.000000E-35  1.000000E-35
   1.700000E+02  2.700000E+02  1.000000E-35  1.000000E-35
   1.700000E+02  2.820000E+02  1.000000E-35  1.000000E-35
   1.700000E+02  2.940000E+02  1.000000E-35  1.000000E-35
   1.700000E+02  3.060000E+02  1.000000E-35  1.000000E-35
   1.700000E+02  3.180000E+02  1.000000E-35  1.000000E-35
   1.700000E+02  3.300000E+02  1.000000E-35  1.000000E-35
   1.700000E+02  3.420000E+02  1.000000E-35  1.000000E-35
   1.700000E+02  3.540000E+02  1.000000E-35  1.000000E-35
    
   1.740000E+02  6.000001E+00  1.000000E-35  1.000000E-35
   1.740000E+02  1.800000E+01  1.000000E-35  1.000000E-35
   1.740000E+02  3.000000E+01  1.000000E-35  1.000000E-35
   1.740000E+02  4.200000E+01  1.000000E-35  1.000000E-35
   1.740000E+02  5.400001E+01  1.000000E-35  1.000000E-35
   1.740000E+02  6.600001E+01  1.000000E-35  1.000000E-35
   1.740000E+02  7.800001E+01  1.000000E-35  1.000000E-35
   1.740000E+02  9.000001E+01  1.000000E-35  1.000000E-35
   1.740000E+02  1.020000E+02  1.000000E-35  1.000000E-35
   1.740000E+02  1.140000E+02  1.000000E-35  1.000000E-35
   1.740000E+02  1.260000E+02  1.000000E-35  1.000000E-35
   1.740000E+02  1.380000E+02  1.000000E-35  1.000000E-35
   1.740000E+02  1.500000E+02  1.000000E-35  1.000000E-35
   1.740000E+02  1.620000E+02  1.000000E-35  1.000000E-35
   1.740000E+02  1.740000E+02  1.000000E-35  1.000000E-35
   1.740000E+02  1.860000E+02  1.000000E-35  1.000000E-35
   1.740000E+02  1.980000E+02  1.000000E-35  1.000000E-35
   1.740000E+02  2.100000E+02  1.000000E-35  1.000000E-35
   1.740000E+02  2.220000E+02  1.000000E-35  1.000000E-35
   1.740000E+02  2.340000E+02  1.000000E-35  1.000000E-35
   1.740000E+02  2.460000E+02  1.000000E-35  1.000000E-35
   1.740000E+02  2.580000E+02  1.000000E-35  1.000000E-35
   1.740000E+02  2.700000E+02  1.000000E-35  1.000000E-35
   1.740000E+02  2.820000E+02  1.000000E-35  1.000000E-35
   1.740000E+02  2.940000E+02  1.000000E-35  1.000000E-35
   1.740000E+02  3.060000E+02  1.000000E-35  1.000000E-35
   1.740000E+02  3.180000E+02  1.000000E-35  1.000000E-35
   1.740000E+02  3.300000E+02  1.000000E-35  1.000000E-35
   1.740000E+02  3.420000E+02  1.000000E-35  1.000000E-35
   1.740000E+02  3.540000E+02  1.000000E-35  1.000000E-35
    
   1.780000E+02  6.000001E+00  1.000000E-35  1.000000E-35
   1.780000E+02  1.800000E+01  1.000000E-35  1.000000E-35
   1.780000E+02  3.000000E+01  1.000000E-35  1.000000E-35
   1.780000E+02  4.200000E+01  1.000000E-35  1.000000E-35
   1.780000E+02  5.400001E+01  1.000000E-35  1.000000E-35
   1.780000E+02  6.600001E+01  1.000000E-35  1.000000E-35
   1.780000E+02  7.800001E+01  1.000000E-35  1.000000E-35
   1.780000E+02  9.000001E+01  1.000000E-35  1.000000E-35
   1.780000E+02  1.020000E+02  1.000000E-35  1.000000E-35
   1.780000E+02  1.140000E+02  1.000000E-35  1.000000E-35
   1.780000E+02  1.260000E+02  1.000000E-35  1.000000E-35
   1.780000E+02  1.380000E+02  1.000000E-35  1.000000E-35
   1.780000E+02  1.500000E+02  1.000000E-35  1.000000E-35
   1.780000E+02  1.620000E+02  1.000000E-35  1.000000E-35
   1.780000E+02  1.740000E+02  1.000000E-35  1.000000E-35
   1.780000E+02  1.860000E+02  1.000000E-35  1.000000E-35
   1.780000E+02  1.980000E+02  1.000000E-35  1.000000E-35
   1.780000E+02  2.100000E+02  1.000000E-35  1.000000E-35
   1.780000E+02  2.220000E+02  1.000000E-35  1.000000E-35
   1.780000E+02  2.340000E+02  1.000000E-35  1.000000E-35
   1.780000E+02  2.460000E+02  1.000000E-35  1.000000E-35
   1.780000E+02  2.580000E+02  1.000000E-35  1.000000E-35
   1.780000E+02  2.700000E+02  1.000000E-35  1.000000E-35
   1.780000E+02  2.820000E+02  1.000000E-35  1.000000E-35
   1.780000E+02  2.940000E+02  1.000000E-35  1.000000E-35
   1.780000E+02  3.060000E+02  1.000000E-35  1.000000E-35
   1.780000E+02  3.180000E+02  1.000000E-35  1.000000E-35
   1.780000E+02  3.300000E+02  1.000000E-35  1.000000E-35
   1.780000E+02  3.420000E+02  1.000000E-35  1.000000E-35
   1.780000E+02  3.540000E+02  1.000000E-35  1.000000E-35
    
