 #  Results from PENEPMA.
 #  Energy distribution of upbound photons.
 #  1st column: E (eV).
 #  2nd and 3rd columns: probability density and STU (1/(eV*particle)).

   3.000000E+01  7.745130E-09  5.843197E-10
   9.000001E+01  9.391955E-08  7.729065E-09
   1.500000E+02  6.675026E-08  2.757020E-09
   2.100000E+02  6.745649E-08  1.532716E-09
   2.700000E+02  2.141664E-06  3.881756E-08
   3.300000E+02  6.338961E-08  7.827264E-09
   3.900000E+02  5.534021E-08  4.271587E-09
   4.500000E+02  6.465920E-08  1.273740E-09
   5.100001E+02  5.728770E-06  1.055432E-07
   5.700001E+02  3.632094E-08  9.168615E-10
   6.300001E+02  4.522152E-08  2.555609E-09
   6.900001E+02  4.992273E-08  1.652307E-09
   7.500001E+02  5.595700E-08  1.044637E-09
   8.100001E+02  6.227841E-08  1.425308E-09
   8.700001E+02  6.750586E-08  1.289794E-09
   9.300001E+02  7.280651E-08  1.469889E-09
   9.900001E+02  7.698469E-08  1.335268E-09
   1.050000E+03  8.077578E-08  1.502741E-09
   1.110000E+03  8.277816E-08  1.511534E-09
   1.170000E+03  8.522238E-08  1.521791E-09
   1.230000E+03  2.787082E-07  1.941806E-08
   1.290000E+03  8.856956E-08  2.223705E-09
   1.350000E+03  8.569923E-08  1.018742E-09
   1.410000E+03  8.619145E-08  1.024132E-09
   1.470000E+03  2.571531E-06  6.944942E-08
   1.530000E+03  1.017845E-07  5.709779E-09
   1.590000E+03  8.694802E-08  4.467023E-09
   1.650000E+03  7.806450E-08  2.555261E-09
   1.710000E+03  8.058172E-06  1.253501E-07
   1.770000E+03  7.458744E-08  9.510328E-10
   1.830000E+03  2.752414E-07  2.019947E-08
   1.890000E+03  7.394650E-08  6.184331E-09
   1.950000E+03  5.604471E-08  2.027422E-09
   2.010000E+03  5.428011E-08  8.102637E-10
   2.070000E+03  5.612144E-08  2.229603E-09
   2.130000E+03  5.481321E-08  1.542788E-09
   2.190000E+03  5.333989E-08  1.037287E-09
   2.250000E+03  5.300210E-08  8.015919E-10
   2.310000E+03  5.236253E-08  7.967194E-10
   2.370000E+03  5.169144E-08  7.914534E-10
   2.430000E+03  5.079112E-08  7.842525E-10
   2.490000E+03  5.047864E-08  7.830009E-10
   2.550000E+03  4.992607E-08  7.785844E-10
   2.610000E+03  4.908087E-08  7.716318E-10
   2.670000E+03  4.825326E-08  7.657435E-10
   2.730000E+03  4.804807E-08  7.639616E-10
   2.790000E+03  4.679178E-08  7.536177E-10
   2.850000E+03  4.644795E-08  7.515110E-10
   2.910000E+03  4.576155E-08  7.457150E-10
   2.970000E+03  4.489563E-08  7.394594E-10
   3.030000E+03  4.412630E-08  1.180914E-09
   3.090000E+03  4.317024E-08  7.242370E-10
   3.150000E+03  4.276132E-08  7.208531E-10
   3.210000E+03  4.185169E-08  9.687165E-10
   3.270000E+03  4.106625E-08  9.635216E-10
   3.330000E+03  4.035204E-08  7.009649E-10
   3.390000E+03  3.963585E-08  6.938576E-10
   3.450000E+03  4.594636E-08  3.837423E-09
   3.510000E+03  3.840555E-08  6.835979E-10
   3.570000E+03  3.754602E-08  6.751842E-10
   3.630000E+03  3.891974E-08  2.279059E-09
   3.690000E+03  6.577252E-07  3.480136E-08
   3.750000E+03  3.610047E-08  1.139216E-09
   3.810000E+03  3.504548E-08  6.527350E-10
   3.870000E+03  3.647051E-08  2.176100E-09
   3.930000E+03  3.403653E-08  9.185416E-10
   3.990000E+03  9.913498E-08  1.134366E-08
   4.050000E+03  3.210375E-08  6.247644E-10
   4.110000E+03  3.206709E-08  1.451568E-09
   4.170000E+03  3.079809E-08  6.123172E-10
   4.230000E+03  3.009696E-08  6.053621E-10
   4.290000E+03  2.935045E-08  5.973915E-10
   4.350000E+03  2.942125E-08  8.870162E-10
   4.410000E+03  2.836135E-08  5.873522E-10
   4.470000E+03  3.159221E-08  2.771256E-09
   4.530000E+03  2.968565E-08  2.158313E-09
   4.590000E+03  2.709603E-08  5.738723E-10
   4.650000E+03  2.637623E-08  5.665474E-10
   4.710000E+03  2.625230E-08  5.650167E-10
   4.770000E+03  2.549419E-08  5.573925E-10
   4.830000E+03  2.664524E-08  1.702746E-09
   4.890000E+03  2.471376E-08  5.484270E-10
   4.950000E+03  2.449692E-08  1.075092E-09
   5.010001E+03  2.398305E-08  5.406248E-10
   5.070001E+03  2.327380E-08  5.321575E-10
   5.130001E+03  2.395810E-08  1.417184E-09
   5.190001E+03  2.227812E-08  5.207655E-10
   5.250001E+03  2.223158E-08  5.202892E-10
   5.310001E+03  2.167404E-08  5.137588E-10
   5.370001E+03  2.128284E-08  5.091415E-10
   5.430001E+03  2.112156E-08  5.065308E-10
   5.490001E+03  2.072237E-08  5.021604E-10
   5.550001E+03  2.035767E-08  4.976547E-10
   5.610001E+03  2.008980E-08  4.946164E-10
   5.670001E+03  1.956129E-08  4.876281E-10
   5.730001E+03  1.929818E-08  4.847204E-10
   5.790001E+03  1.875091E-08  4.777547E-10
   5.850001E+03  1.841288E-08  4.733351E-10
   5.910001E+03  1.806236E-08  4.685226E-10
   5.970001E+03  1.786704E-08  4.664922E-10
   6.030001E+03  1.764715E-08  4.633850E-10
   6.090001E+03  1.723197E-08  4.580906E-10
   6.150001E+03  1.689364E-08  4.534899E-10
   6.210001E+03  1.670753E-08  4.509207E-10
   6.270001E+03  1.659753E-08  4.493450E-10
   6.330001E+03  1.618289E-08  4.436940E-10
   6.390001E+03  1.689623E-08  1.667314E-09
   6.450001E+03  1.558734E-08  4.350738E-10
   6.510001E+03  1.545437E-08  4.333705E-10
   6.570001E+03  1.512271E-08  4.290306E-10
   6.630001E+03  1.470378E-08  4.226611E-10
   6.690001E+03  1.431437E-08  4.173325E-10
   6.750001E+03  1.418912E-08  4.157646E-10
   6.810001E+03  1.407455E-08  4.137438E-10
   6.870001E+03  1.354916E-08  4.060808E-10
   6.930001E+03  1.363074E-08  4.074145E-10
   6.990001E+03  1.336884E-08  4.037490E-10
   7.050001E+03  1.294005E-08  3.965396E-10
   7.110001E+03  1.281506E-08  3.949434E-10
   7.170001E+03  1.269254E-08  3.926539E-10
   7.230001E+03  1.254456E-08  3.911861E-10
   7.290001E+03  1.231844E-08  3.869608E-10
   7.350001E+03  1.210316E-08  3.837758E-10
   7.410001E+03  1.166708E-08  3.765945E-10
   7.470001E+03  1.134284E-08  3.714520E-10
   7.530001E+03  1.141539E-08  3.728085E-10
   7.590001E+03  1.097377E-08  3.654531E-10
   7.650001E+03  1.111557E-08  3.679788E-10
   7.710001E+03  1.062888E-08  3.595624E-10
   7.770001E+03  1.070651E-08  3.603370E-10
   7.830001E+03  1.018374E-08  3.519524E-10
   7.890001E+03  1.011135E-08  3.506216E-10
   7.950001E+03  1.012428E-08  3.506943E-10
   8.010001E+03  9.688777E-09  3.431394E-10
   8.070001E+03  9.788849E-09  3.452953E-10
   8.130001E+03  9.645324E-09  3.422682E-10
   8.190001E+03  9.355397E-09  3.372563E-10
   8.250001E+03  9.219859E-09  3.345876E-10
   8.310001E+03  9.258276E-09  3.355781E-10
   8.370001E+03  8.794429E-09  3.264968E-10
   8.430001E+03  8.701946E-09  3.253667E-10
   8.490001E+03  8.440832E-09  3.205143E-10
   8.550001E+03  8.520437E-09  3.221084E-10
   8.610001E+03  8.176014E-09  3.152540E-10
   8.670001E+03  7.928136E-09  3.104449E-10
   8.730001E+03  7.996985E-09  3.117647E-10
   8.790001E+03  7.675152E-09  3.053142E-10
   8.850001E+03  7.702258E-09  3.059880E-10
   8.910001E+03  7.342024E-09  2.985150E-10
   8.970001E+03  7.330944E-09  2.986225E-10
   9.030001E+03  7.325009E-09  2.981334E-10
   9.090001E+03  7.092276E-09  2.936531E-10
   9.150001E+03  6.751342E-09  2.864491E-10
   9.210001E+03  6.931918E-09  2.899102E-10
   9.270001E+03  6.810695E-09  2.877168E-10
   9.330001E+03  6.544473E-09  2.819925E-10
   9.390001E+03  6.552350E-09  2.823056E-10
   9.450001E+03  6.235589E-09  2.752029E-10
   9.510001E+03  6.170949E-09  2.739344E-10
   9.570001E+03  6.262064E-09  2.755687E-10
   9.630001E+03  5.961562E-09  2.686577E-10
   9.690001E+03  5.927137E-09  2.680974E-10
   9.750001E+03  5.746958E-09  2.638576E-10
   9.810001E+03  5.602570E-09  2.607339E-10
   9.870001E+03  5.571131E-09  2.600002E-10
   9.930001E+03  5.398614E-09  2.559240E-10
   9.990001E+03  5.339154E-09  2.543197E-10
   1.005000E+04  5.268183E-09  2.527780E-10
   1.011000E+04  5.030469E-09  2.471228E-10
   1.017000E+04  5.062428E-09  2.476150E-10
   1.023000E+04  4.828328E-09  2.420212E-10
   1.029000E+04  4.847701E-09  2.422274E-10
   1.035000E+04  4.661351E-09  2.376814E-10
   1.041000E+04  4.630739E-09  2.368653E-10
   1.047000E+04  4.598833E-09  2.360821E-10
   1.053000E+04  4.476177E-09  2.322608E-10
   1.059000E+04  4.370272E-09  2.301739E-10
   1.065000E+04  4.147503E-09  2.241226E-10
   1.071000E+04  4.249286E-09  2.266511E-10
   1.077000E+04  4.008583E-09  2.203986E-10
   1.083000E+04  3.928763E-09  2.178870E-10
   1.089000E+04  3.824447E-09  2.151425E-10
   1.095000E+04  3.910418E-09  2.176006E-10
   1.101000E+04  3.693404E-09  2.114392E-10
   1.107000E+04  3.559844E-09  2.078000E-10
   1.113000E+04  3.366283E-09  2.016123E-10
   1.119000E+04  3.513945E-09  2.061959E-10
   1.125000E+04  3.333802E-09  2.008400E-10
   1.131000E+04  3.330888E-09  2.006034E-10
   1.137000E+04  3.180672E-09  1.963240E-10
   1.143000E+04  3.285457E-09  1.990625E-10
   1.149000E+04  3.022400E-09  1.907643E-10
   1.155000E+04  2.993767E-09  1.900373E-10
   1.161000E+04  2.791934E-09  1.830933E-10
   1.167000E+04  2.879543E-09  1.864292E-10
   1.173000E+04  2.696110E-09  1.804197E-10
   1.179000E+04  2.662869E-09  1.793393E-10
   1.185000E+04  2.672133E-09  1.796282E-10
   1.191000E+04  2.537977E-09  1.746744E-10
   1.197000E+04  2.429668E-09  1.712241E-10
   1.203000E+04  2.492402E-09  1.734841E-10
   1.209000E+04  2.433661E-09  1.711377E-10
   1.215000E+04  2.289201E-09  1.664737E-10
   1.221000E+04  2.186504E-09  1.623430E-10
   1.227000E+04  2.128287E-09  1.599371E-10
   1.233000E+04  2.063914E-09  1.574493E-10
   1.239000E+04  2.030426E-09  1.558838E-10
   1.245000E+04  1.989598E-09  1.543604E-10
   1.251000E+04  1.872548E-09  1.497951E-10
   1.257000E+04  1.784347E-09  1.462742E-10
   1.263000E+04  1.755283E-09  1.448472E-10
   1.269000E+04  1.713448E-09  1.434834E-10
   1.275000E+04  1.738628E-09  1.443262E-10
   1.281000E+04  1.561542E-09  1.367160E-10
   1.287000E+04  1.561614E-09  1.368698E-10
   1.293000E+04  1.571362E-09  1.368742E-10
   1.299000E+04  1.422118E-09  1.301683E-10
   1.305000E+04  1.399708E-09  1.295091E-10
   1.311000E+04  1.299277E-09  1.243494E-10
   1.317000E+04  1.282910E-09  1.236891E-10
   1.323000E+04  1.301723E-09  1.245370E-10
   1.329000E+04  1.177659E-09  1.183428E-10
   1.335000E+04  1.161832E-09  1.173762E-10
   1.341000E+04  1.155177E-09  1.171515E-10
   1.347000E+04  1.043306E-09  1.115085E-10
   1.353000E+04  9.811128E-10  1.075726E-10
   1.359000E+04  9.301774E-10  1.050968E-10
   1.365000E+04  8.716885E-10  1.015358E-10
   1.371000E+04  8.759331E-10  1.017517E-10
   1.377000E+04  8.071563E-10  9.763519E-11
   1.383000E+04  7.158618E-10  9.161520E-11
   1.389000E+04  7.506458E-10  9.394280E-11
   1.395000E+04  6.781642E-10  8.886225E-11
   1.401000E+04  6.068334E-10  8.410307E-11
   1.407000E+04  5.776609E-10  8.186627E-11
   1.413000E+04  5.392802E-10  7.821646E-11
   1.419000E+04  5.263666E-10  7.716760E-11
   1.425000E+04  4.478053E-10  7.144947E-11
   1.431000E+04  4.538844E-10  7.199967E-11
   1.437000E+04  3.785968E-10  6.560254E-11
   1.443000E+04  3.266546E-10  6.053771E-11
   1.449000E+04  3.103599E-10  5.846929E-11
   1.455000E+04  2.502879E-10  5.248419E-11
   1.461000E+04  2.328060E-10  5.022872E-11
   1.467000E+04  1.647846E-10  4.131578E-11
   1.473000E+04  1.360797E-10  3.679526E-11
   1.479000E+04  9.841800E-11  2.991252E-11
   1.485000E+04  7.115166E-11  2.518279E-11
   1.491000E+04  4.262649E-11  1.767386E-11
   1.497000E+04  1.435275E-11  9.878202E-12
