 #  Results from PENEPMA.
 #  Probability of emission of characteristic photons. All in 1/(sr*electron).
 #    P = primary photons (from electron interactions);
 #    C = flourescence from characteristic x rays;
 #    B = flourescence from bremsstrahlung quanta;
 #   TF = C+B, total fluorescence;
 #    T = P+C+B, total intensity;
 #  unc = statistical uncertainty (3 sigma).
 #
 # IZ S0 S1  E (eV)      P            unc       C            unc       B            unc       TF           unc       T            unc
   51 N1 N3  5.0150E+01  0.000000E+00 0.00E+00  0.000000E+00 0.00E+00  1.222350E-12 2.59E-12  1.222350E-12 2.59E-12  1.222350E-12 2.59E-12
   56 N1 N2  5.2140E+01  1.045952E-09 3.14E-09  0.000000E+00 0.00E+00  6.111751E-13 1.83E-12  6.111751E-13 1.83E-12  1.046563E-09 3.14E-09
   26 M3 M5  5.3710E+01  1.045952E-09 3.14E-09  0.000000E+00 0.00E+00  0.000000E+00 0.00E+00  0.000000E+00 0.00E+00  1.045952E-09 3.14E-09
   50 N3 N4  6.2310E+01  0.000000E+00 0.00E+00  0.000000E+00 0.00E+00  1.222350E-12 2.59E-12  1.222350E-12 2.59E-12  1.222350E-12 2.59E-12
   50 N3 N5  6.3410E+01  4.184420E-09 6.28E-09  0.000000E+00 0.00E+00  1.222350E-12 2.59E-12  1.222350E-12 2.59E-12  4.185642E-09 6.28E-09
   51 N3 N5  6.7560E+01  0.000000E+00 0.00E+00  0.000000E+00 0.00E+00  6.111751E-13 1.83E-12  6.111751E-13 1.83E-12  6.111751E-13 1.83E-12
   56 N1 N3  6.8000E+01  4.183809E-09 6.28E-09  0.000000E+00 0.00E+00  1.833525E-12 3.18E-12  1.833525E-12 3.18E-12  4.185642E-09 6.28E-09
   38 M1 M2  7.0000E+01  1.045952E-09 3.14E-09  0.000000E+00 0.00E+00  1.222350E-12 2.59E-12  1.222350E-12 2.59E-12  1.047175E-09 3.14E-09
   50 N2 N4  7.0150E+01  4.184420E-09 6.28E-09  0.000000E+00 0.00E+00  4.278226E-12 4.85E-12  4.278226E-12 4.85E-12  4.188698E-09 6.28E-09
   13 L3 M1  7.0570E+01  2.345439E-06 1.49E-07  7.212309E-10 7.85E-10  2.138101E-10 3.42E-11  9.350410E-10 8.19E-10  2.346374E-06 1.49E-07
   13 L2 M1  7.1040E+01  1.274086E-06 1.10E-07  3.917952E-10 5.88E-10  1.122617E-10 2.48E-11  5.040568E-10 6.12E-10  1.274590E-06 1.10E-07
   20 L1 L2  7.5070E+01  1.610840E-07 3.89E-08  1.175386E-09 1.02E-09  1.370319E-10 2.74E-11  1.312417E-09 1.05E-09  1.623964E-07 3.90E-08
   51 N2 N4  7.5150E+01  3.137857E-09 5.43E-09  0.000000E+00 0.00E+00  1.833525E-12 3.18E-12  1.833525E-12 3.18E-12  3.139690E-09 5.43E-09
   20 L1 L3  7.8910E+01  5.020837E-07 6.87E-08  3.847520E-09 1.84E-09  4.359289E-10 4.88E-11  4.283449E-09 1.88E-09  5.063671E-07 6.88E-08
   38 M1 M3  8.0790E+01  1.150547E-08 1.04E-08  0.000000E+00 0.00E+00  1.833525E-12 3.18E-12  1.833525E-12 3.18E-12  1.150731E-08 1.04E-08
   22 L1 L2  8.6220E+01  1.045952E-09 3.14E-09  0.000000E+00 0.00E+00  0.000000E+00 0.00E+00  0.000000E+00 0.00E+00  1.045952E-09 3.14E-09
   56 N3 N5  8.8890E+01  5.229761E-09 7.02E-09  0.000000E+00 0.00E+00  6.176099E-12 5.68E-12  6.176099E-12 5.68E-12  5.235937E-09 7.02E-09
   50 N2 O1  9.0250E+01  1.045952E-09 3.14E-09  0.000000E+00 0.00E+00  0.000000E+00 0.00E+00  0.000000E+00 0.00E+00  1.045952E-09 3.14E-09
   33 M3 M5  9.3230E+01  6.111751E-13 1.83E-12  0.000000E+00 0.00E+00  6.111751E-13 1.83E-12  6.111751E-13 1.83E-12  1.222350E-12 2.59E-12
   14 L3 M1  9.4350E+01  1.612419E-05 3.90E-07  3.570565E-09 1.75E-09  1.754326E-09 9.80E-11  5.324891E-09 1.85E-09  1.612951E-05 3.90E-07
   14 L2 M1  9.5040E+01  8.560787E-06 2.84E-07  2.065744E-09 1.33E-09  9.171653E-10 7.07E-11  2.982909E-09 1.40E-09  8.563769E-06 2.84E-07
   33 M2 M4  9.7630E+01  1.045952E-09 3.14E-09  0.000000E+00 0.00E+00  6.111751E-13 1.83E-12  6.111751E-13 1.83E-12  1.046563E-09 3.14E-09
   51 N2 O1  1.0110E+02  1.045952E-09 3.14E-09  0.000000E+00 0.00E+00  0.000000E+00 0.00E+00  0.000000E+00 0.00E+00  1.045952E-09 3.14E-09
   56 N2 N4  1.0205E+02  3.139079E-09 5.43E-09  9.794879E-11 2.94E-10  3.667051E-12 4.49E-12  1.016158E-10 2.98E-10  3.240695E-09 5.44E-09
   13 L1 M3  1.1418E+02  1.213467E-07 3.38E-08  0.000000E+00 0.00E+00  1.955760E-11 1.04E-11  1.955760E-11 1.04E-11  1.213662E-07 3.38E-08
   50 M1 M2  1.1569E+02  0.000000E+00 0.00E+00  0.000000E+00 0.00E+00  6.111751E-13 1.83E-12  6.111751E-13 1.83E-12  6.111751E-13 1.83E-12
   38 M5 N3  1.1581E+02  6.694705E-08 2.51E-08  2.938464E-10 5.09E-10  2.050654E-11 1.06E-11  3.143529E-10 5.20E-10  6.726140E-08 2.51E-08
   38 M4 N2  1.1646E+02  3.242852E-08 1.75E-08  0.000000E+00 0.00E+00  1.412138E-11 8.72E-12  1.412138E-11 8.72E-12  3.244264E-08 1.75E-08
   38 M4 N3  1.1773E+02  5.230372E-09 7.02E-09  0.000000E+00 0.00E+00  2.444700E-12 3.67E-12  2.444700E-12 3.67E-12  5.232817E-09 7.02E-09
   26 L1 L3  1.2227E+02  2.091904E-09 4.44E-09  0.000000E+00 0.00E+00  0.000000E+00 0.00E+00  0.000000E+00 0.00E+00  2.091904E-09 4.44E-09
   13 L1 M2  1.2230E+02  7.322399E-08 2.63E-08  0.000000E+00 0.00E+00  1.161233E-11 7.99E-12  1.161233E-11 7.99E-12  7.323560E-08 2.63E-08
   33 M2 N1  1.3109E+02  1.045952E-09 3.14E-09  0.000000E+00 0.00E+00  6.111751E-13 1.83E-12  6.111751E-13 1.83E-12  1.046563E-09 3.14E-09
   38 M3 M5  1.3570E+02  1.077424E-07 3.18E-08  3.558931E-11 1.07E-10  7.856818E-11 2.08E-11  1.141575E-10 1.28E-10  1.078566E-07 3.18E-08
   38 M3 M4  1.3570E+02  9.415403E-09 9.41E-09  0.000000E+00 0.00E+00  6.722926E-12 6.08E-12  6.722926E-12 6.08E-12  9.422126E-09 9.41E-09
   50 N1 O3  1.3704E+02  1.045952E-09 3.14E-09  0.000000E+00 0.00E+00  0.000000E+00 0.00E+00  0.000000E+00 0.00E+00  1.045952E-09 3.14E-09
   40 M3 M4  1.3779E+02  0.000000E+00 0.00E+00  0.000000E+00 0.00E+00  6.111751E-13 1.83E-12  6.111751E-13 1.83E-12  6.111751E-13 1.83E-12
   56 M1 M2  1.4120E+02  0.000000E+00 0.00E+00  0.000000E+00 0.00E+00  6.111751E-13 1.83E-12  6.111751E-13 1.83E-12  6.111751E-13 1.83E-12
   38 M2 M4  1.4470E+02  5.543791E-08 2.28E-08  9.794879E-11 2.94E-10  4.773601E-11 1.62E-11  1.456848E-10 3.10E-10  5.558360E-08 2.28E-08
   14 L1 M3  1.4503E+02  8.358853E-07 8.87E-08  5.968652E-10 7.20E-10  1.651460E-10 3.01E-11  7.620112E-10 7.50E-10  8.366473E-07 8.87E-08
   56 N3 O1  1.4996E+02  1.045952E-09 3.14E-09  0.000000E+00 0.00E+00  0.000000E+00 0.00E+00  0.000000E+00 0.00E+00  1.045952E-09 3.14E-09
   40 M3 M5  1.5330E+02  4.183809E-09 6.28E-09  0.000000E+00 0.00E+00  1.222350E-12 2.59E-12  1.222350E-12 2.59E-12  4.185031E-09 6.28E-09
   40 M5 N3  1.5375E+02  3.137857E-09 5.43E-09  0.000000E+00 0.00E+00  1.833525E-12 3.18E-12  1.833525E-12 3.18E-12  3.139690E-09 5.43E-09
   40 M4 N2  1.5446E+02  4.184420E-09 6.28E-09  9.794879E-11 2.94E-10  2.171287E-12 3.33E-12  1.001201E-10 2.97E-10  4.284540E-09 6.28E-09
   14 L1 M2  1.5524E+02  4.612980E-07 6.59E-08  4.897440E-10 6.57E-10  7.994827E-11 2.09E-11  5.696922E-10 6.78E-10  4.618677E-07 6.59E-08
   50 M1 M3  1.5873E+02  0.000000E+00 0.00E+00  0.000000E+00 0.00E+00  6.111751E-13 1.83E-12  6.111751E-13 1.83E-12  6.111751E-13 1.83E-12
   40 M2 M4  1.6170E+02  1.045952E-09 3.14E-09  0.000000E+00 0.00E+00  6.111751E-13 1.83E-12  6.111751E-13 1.83E-12  1.046563E-09 3.14E-09
   56 N2 O1  1.6582E+02  0.000000E+00 0.00E+00  0.000000E+00 0.00E+00  1.560112E-12 2.78E-12  1.560112E-12 2.78E-12  1.560112E-12 2.78E-12
   51 M1 M3  1.6729E+02  0.000000E+00 0.00E+00  0.000000E+00 0.00E+00  1.222350E-12 2.59E-12  1.222350E-12 2.59E-12  1.222350E-12 2.59E-12
   38 L1 L2  1.8800E+02  0.000000E+00 0.00E+00  0.000000E+00 0.00E+00  2.444700E-12 3.67E-12  2.444700E-12 3.67E-12  2.444700E-12 3.67E-12
   33 L1 L3  1.9090E+02  0.000000E+00 0.00E+00  0.000000E+00 0.00E+00  1.222350E-12 2.59E-12  1.222350E-12 2.59E-12  1.222350E-12 2.59E-12
   33 M1 N3  1.9421E+02  2.091904E-09 4.44E-09  0.000000E+00 0.00E+00  0.000000E+00 0.00E+00  0.000000E+00 0.00E+00  2.091904E-09 4.44E-09
   50 M3 M4  2.0675E+02  0.000000E+00 0.00E+00  0.000000E+00 0.00E+00  1.222350E-12 2.59E-12  1.222350E-12 2.59E-12  1.222350E-12 2.59E-12
   56 M1 M3  2.1640E+02  1.045952E-09 3.14E-09  0.000000E+00 0.00E+00  1.222350E-12 2.59E-12  1.222350E-12 2.59E-12  1.047175E-09 3.14E-09
   38 M3 N1  2.2314E+02  3.138379E-08 1.72E-08  9.794879E-11 2.94E-10  2.507271E-11 1.17E-11  1.230215E-10 3.06E-10  3.150681E-08 1.72E-08
   50 M3 M5  2.2870E+02  3.138468E-09 5.43E-09  0.000000E+00 0.00E+00  1.690384E-11 9.51E-12  1.690384E-11 9.51E-12  3.155372E-09 5.43E-09
   56 N1 O2  2.3205E+02  1.045952E-09 3.14E-09  9.794879E-11 2.94E-10  0.000000E+00 0.00E+00  9.794879E-11 2.94E-10  1.143901E-09 3.15E-09
   38 M2 N1  2.3393E+02  1.255143E-08 1.09E-08  0.000000E+00 0.00E+00  1.106550E-11 7.69E-12  1.106550E-11 7.69E-12  1.256249E-08 1.09E-08
   51 M3 M5  2.3750E+02  3.137857E-09 5.43E-09  0.000000E+00 0.00E+00  1.833525E-12 3.18E-12  1.833525E-12 3.18E-12  3.139690E-09 5.43E-09
   56 M3 M4  2.5036E+02  0.000000E+00 0.00E+00  0.000000E+00 0.00E+00  6.111751E-13 1.83E-12  6.111751E-13 1.83E-12  6.111751E-13 1.83E-12
   38 L1 L3  2.5770E+02  2.091904E-09 4.44E-09  0.000000E+00 0.00E+00  8.556452E-12 6.86E-12  8.556452E-12 6.86E-12  2.100461E-09 4.44E-09
   50 M2 M4  2.6210E+02  2.091904E-09 4.44E-09  0.000000E+00 0.00E+00  1.100115E-11 7.78E-12  1.100115E-11 7.78E-12  2.102906E-09 4.44E-09
   56 M3 M5  2.6651E+02  5.229761E-09 7.02E-09  9.794879E-11 2.94E-10  1.038998E-11 7.56E-12  1.083388E-10 3.01E-10  5.338100E-09 7.02E-09
   40 M3 N1  2.7092E+02  1.046563E-09 3.14E-09  0.000000E+00 0.00E+00  6.111751E-13 1.83E-12  6.111751E-13 1.83E-12  1.047175E-09 3.14E-09
   51 M2 M4  2.7430E+02  1.045952E-09 3.14E-09  0.000000E+00 0.00E+00  4.889401E-12 5.19E-12  4.889401E-12 5.19E-12  1.050842E-09 3.14E-09
    6  K L2  2.8202E+02  7.288410E-06 1.59E-07  1.023120E-08 2.56E-09  1.196860E-09 6.62E-11  1.142806E-08 2.62E-09  7.299838E-06 1.59E-07
    6  K L3  2.8203E+02  1.484509E-05 2.28E-07  2.041800E-08 3.61E-09  2.365798E-09 9.32E-11  2.278379E-08 3.70E-09  1.486787E-05 2.28E-07
   40 L1 L3  2.8980E+02  0.000000E+00 0.00E+00  0.000000E+00 0.00E+00  1.222350E-12 2.59E-12  1.222350E-12 2.59E-12  1.222350E-12 2.59E-12
   20 L3 M1  3.0269E+02  7.920875E-06 2.73E-07  3.382902E-08 5.46E-09  4.946815E-09 1.64E-10  3.877584E-08 5.62E-09  7.959651E-06 2.73E-07
   20 L2 M1  3.0643E+02  4.097478E-06 1.96E-07  1.648291E-08 3.81E-09  2.615105E-09 1.20E-10  1.909802E-08 3.93E-09  4.116576E-06 1.96E-07
   38 M1 N2  3.2185E+02  5.229761E-09 7.02E-09  0.000000E+00 0.00E+00  1.833525E-12 3.18E-12  1.833525E-12 3.18E-12  5.231594E-09 7.02E-09
   38 M1 N3  3.2312E+02  8.367617E-09 8.88E-09  0.000000E+00 0.00E+00  6.111751E-12 5.80E-12  6.111751E-12 5.80E-12  8.373729E-09 8.88E-09
   20 L3 M2  3.2334E+02  1.045952E-09 3.14E-09  0.000000E+00 0.00E+00  1.222350E-12 2.59E-12  1.222350E-12 2.59E-12  1.047175E-09 3.14E-09
   20 L3 M3  3.2371E+02  6.275713E-09 7.69E-09  0.000000E+00 0.00E+00  1.833525E-12 3.18E-12  1.833525E-12 3.18E-12  6.277547E-09 7.69E-09
   56 M2 M4  3.2556E+02  1.045952E-09 3.14E-09  0.000000E+00 0.00E+00  4.889401E-12 5.19E-12  4.889401E-12 5.19E-12  1.050842E-09 3.14E-09
   20 L2 M3  3.2712E+02  2.091904E-09 4.44E-09  0.000000E+00 0.00E+00  1.222350E-12 2.59E-12  1.222350E-12 2.59E-12  2.093127E-09 4.44E-09
   20 L3 N1  3.4975E+02  2.050192E-07 4.39E-08  3.917952E-10 5.88E-10  1.092556E-10 2.44E-11  5.010508E-10 6.12E-10  2.055202E-07 4.39E-08
   20 L2 N1  3.5359E+02  8.158733E-08 2.77E-08  3.917952E-10 5.88E-10  5.351000E-11 1.71E-11  4.453052E-10 6.05E-10  8.203263E-08 2.77E-08
   40 M1 N3  3.8532E+02  0.000000E+00 0.00E+00  0.000000E+00 0.00E+00  6.111751E-13 1.83E-12  6.111751E-13 1.83E-12  6.111751E-13 1.83E-12
   22 L3 M1  3.9535E+02  3.347291E-08 1.78E-08  1.958976E-10 4.16E-10  2.973851E-11 1.27E-11  2.256361E-10 4.28E-10  3.369855E-08 1.78E-08
   50 M5 N3  3.9882E+02  1.014620E-07 3.09E-08  9.794879E-10 9.29E-10  1.267706E-10 2.63E-11  1.106259E-09 9.56E-10  1.025682E-07 3.09E-08
   50 M4 N2  3.9993E+02  5.125716E-08 2.20E-08  9.794879E-11 2.94E-10  9.852789E-11 2.32E-11  1.964767E-10 3.17E-10  5.145363E-08 2.20E-08
   22 L2 M1  4.0137E+02  1.673523E-08 1.26E-08  9.794879E-11 2.94E-10  1.256126E-11 8.26E-12  1.105101E-10 3.02E-10  1.684575E-08 1.26E-08
   50 M4 N3  4.0777E+02  9.414181E-09 9.41E-09  9.794879E-11 2.94E-10  1.622831E-11 9.40E-12  1.141771E-10 3.03E-10  9.528358E-09 9.42E-09
   20 L1 M2  4.1543E+02  4.079438E-07 6.20E-08  2.056925E-09 1.35E-09  3.181168E-10 4.16E-11  2.375041E-09 1.39E-09  4.103188E-07 6.20E-08
   20 L1 M3  4.1580E+02  5.763554E-07 7.36E-08  3.820003E-09 1.84E-09  4.780196E-10 5.10E-11  4.298022E-09 1.89E-09  5.806535E-07 7.37E-08
   51 M5 N3  4.2973E+02  3.138040E-08 1.72E-08  9.794879E-11 2.94E-10  5.445893E-11 1.73E-11  1.524077E-10 3.11E-10  3.153281E-08 1.72E-08
   51 M4 N2  4.3077E+02  1.882958E-08 1.33E-08  0.000000E+00 0.00E+00  2.885393E-11 1.25E-11  2.885393E-11 1.25E-11  1.885844E-08 1.33E-08
   51 M4 N3  4.3967E+02  5.229761E-09 7.02E-09  0.000000E+00 0.00E+00  4.278226E-12 4.85E-12  4.278226E-12 4.85E-12  5.234039E-09 7.02E-09
   22 L3 M5  4.5216E+02  4.183809E-09 6.28E-09  1.958976E-10 4.16E-10  1.833525E-12 3.18E-12  1.977311E-10 4.19E-10  4.381540E-09 6.29E-09
   22 L2 M4  4.5835E+02  0.000000E+00 0.00E+00  0.000000E+00 0.00E+00  1.222350E-12 2.59E-12  1.222350E-12 2.59E-12  1.222350E-12 2.59E-12
   22 L3 N1  4.5896E+02  0.000000E+00 0.00E+00  0.000000E+00 0.00E+00  1.222350E-12 2.59E-12  1.222350E-12 2.59E-12  1.222350E-12 2.59E-12
   22 L2 N1  4.6494E+02  0.000000E+00 0.00E+00  0.000000E+00 0.00E+00  1.222350E-12 2.59E-12  1.222350E-12 2.59E-12  1.222350E-12 2.59E-12
   50 M5 O3  4.8885E+02  2.091904E-09 4.44E-09  0.000000E+00 0.00E+00  4.889401E-12 5.19E-12  4.889401E-12 5.19E-12  2.096794E-09 4.44E-09
   50 M4 O2  4.9729E+02  0.000000E+00 0.00E+00  0.000000E+00 0.00E+00  1.833525E-12 3.18E-12  1.833525E-12 3.18E-12  1.833525E-12 3.18E-12
   50 M4 O3  4.9780E+02  1.045952E-09 3.14E-09  0.000000E+00 0.00E+00  6.111751E-13 1.83E-12  6.111751E-13 1.83E-12  1.046563E-09 3.14E-09
   50 L1 L3  5.1350E+02  0.000000E+00 0.00E+00  0.000000E+00 0.00E+00  7.736211E-12 6.33E-12  7.736211E-12 6.33E-12  7.736211E-12 6.33E-12
    8  K L2  5.2309E+02  1.089422E-04 1.01E-06  1.217798E-07 1.04E-08  6.559171E-08 6.06E-10  1.873715E-07 1.10E-08  1.091296E-04 1.01E-06
    8  K L3  5.2313E+02  2.171720E-04 1.43E-06  2.541286E-07 1.52E-08  1.309149E-07 1.27E-09  3.850436E-07 1.64E-08  2.175570E-04 1.43E-06
   22 L1 M2  5.2630E+02  0.000000E+00 0.00E+00  0.000000E+00 0.00E+00  6.111751E-13 1.83E-12  6.111751E-13 1.83E-12  6.111751E-13 1.83E-12
   22 L1 M3  5.2990E+02  2.091904E-09 4.44E-09  0.000000E+00 0.00E+00  3.667051E-12 4.49E-12  3.667051E-12 4.49E-12  2.095571E-09 4.44E-09
   51 M5 O3  5.3083E+02  2.091904E-09 4.44E-09  0.000000E+00 0.00E+00  1.222350E-12 2.59E-12  1.222350E-12 2.59E-12  2.093127E-09 4.44E-09
   51 M4 O2  5.4006E+02  1.045952E-09 3.14E-09  0.000000E+00 0.00E+00  6.111751E-13 1.83E-12  6.111751E-13 1.83E-12  1.046563E-09 3.14E-09
   51 M4 O3  5.4077E+02  0.000000E+00 0.00E+00  0.000000E+00 0.00E+00  6.111751E-13 1.83E-12  6.111751E-13 1.83E-12  6.111751E-13 1.83E-12
   51 L1 L3  5.4320E+02  0.000000E+00 0.00E+00  0.000000E+00 0.00E+00  1.833525E-12 3.18E-12  1.833525E-12 3.18E-12  1.833525E-12 3.18E-12
   50 M3 N1  5.6751E+02  4.184147E-09 6.28E-09  0.000000E+00 0.00E+00  1.018091E-11 7.31E-12  1.018091E-11 7.31E-12  4.194327E-09 6.28E-09
   56 M5 N3  6.0214E+02  1.056454E-07 3.15E-08  9.886604E-10 9.30E-10  2.579482E-10 3.75E-11  1.246609E-09 9.67E-10  1.068921E-07 3.15E-08
   56 M4 N2  6.0243E+02  5.230284E-08 2.22E-08  4.897440E-10 6.57E-10  1.711130E-10 3.06E-11  6.608570E-10 6.88E-10  5.296369E-08 2.22E-08
   51 M3 N1  6.0342E+02  4.183809E-09 6.28E-09  0.000000E+00 0.00E+00  5.564924E-12 5.38E-12  5.564924E-12 5.38E-12  4.189374E-09 6.28E-09
   50 M2 N1  6.1055E+02  2.091904E-09 4.44E-09  0.000000E+00 0.00E+00  7.671863E-12 6.43E-12  7.671863E-12 6.43E-12  2.099576E-09 4.44E-09
   26 L3 M1  6.1530E+02  6.903651E-08 2.55E-08  1.958976E-10 4.16E-10  1.206091E-10 2.57E-11  3.165067E-10 4.41E-10  6.935302E-08 2.55E-08
   56 M4 N3  6.1829E+02  7.322276E-09 8.30E-09  9.794879E-11 2.94E-10  3.096086E-11 1.30E-11  1.289097E-10 3.07E-10  7.451186E-09 8.31E-09
   26 L2 M1  6.2780E+02  2.719537E-08 1.60E-08  0.000000E+00 0.00E+00  6.118186E-11 1.83E-11  6.118186E-11 1.83E-11  2.725655E-08 1.60E-08
   26 L3 M2  6.5010E+02  0.000000E+00 0.00E+00  0.000000E+00 0.00E+00  6.111751E-13 1.83E-12  6.111751E-13 1.83E-12  6.111751E-13 1.83E-12
   51 M2 N1  6.5089E+02  1.046563E-09 3.14E-09  0.000000E+00 0.00E+00  1.222350E-12 2.59E-12  1.222350E-12 2.59E-12  1.047786E-09 3.14E-09
   26 L2 M3  6.7040E+02  0.000000E+00 0.00E+00  0.000000E+00 0.00E+00  6.111751E-13 1.83E-12  6.111751E-13 1.83E-12  6.111751E-13 1.83E-12
   50 M3 N4  6.7683E+02  3.137857E-09 5.43E-09  0.000000E+00 0.00E+00  3.667051E-12 4.49E-12  3.667051E-12 4.49E-12  3.141524E-09 5.43E-09
   50 M3 N5  6.7793E+02  1.046013E-08 9.92E-09  0.000000E+00 0.00E+00  3.157204E-11 1.31E-11  3.157204E-11 1.31E-11  1.049171E-08 9.92E-09
   50 M3 O1  6.9693E+02  0.000000E+00 0.00E+00  0.000000E+00 0.00E+00  1.833525E-12 3.18E-12  1.833525E-12 3.18E-12  1.833525E-12 3.18E-12
   26 L3 M4  7.0480E+02  5.229761E-09 7.02E-09  9.794879E-11 2.94E-10  2.782462E-12 3.80E-12  1.007313E-10 2.98E-10  5.330492E-09 7.02E-09
   26 L3 M5  7.0480E+02  3.033506E-08 1.69E-08  0.000000E+00 0.00E+00  3.422581E-11 1.37E-11  3.422581E-11 1.37E-11  3.036928E-08 1.69E-08
   26 L3 N1  7.1316E+02  4.183809E-09 6.28E-09  0.000000E+00 0.00E+00  1.560112E-12 2.78E-12  1.560112E-12 2.78E-12  4.185369E-09 6.28E-09
   56 L1 L3  7.1740E+02  0.000000E+00 0.00E+00  0.000000E+00 0.00E+00  3.055876E-12 4.10E-12  3.055876E-12 4.10E-12  3.055876E-12 4.10E-12
   26 L2 M4  7.1832E+02  1.359738E-08 1.13E-08  0.000000E+00 0.00E+00  2.322465E-11 1.13E-11  2.322465E-11 1.13E-11  1.362060E-08 1.13E-08
   51 M3 N4  7.1982E+02  0.000000E+00 0.00E+00  0.000000E+00 0.00E+00  1.833525E-12 3.18E-12  1.833525E-12 3.18E-12  1.833525E-12 3.18E-12
   50 M2 N4  7.1987E+02  4.185031E-09 6.28E-09  9.794879E-11 2.94E-10  1.934854E-11 1.02E-11  1.172973E-10 3.04E-10  4.302328E-09 6.28E-09
   51 M3 N5  7.2113E+02  6.275713E-09 7.69E-09  9.794879E-11 2.94E-10  1.405703E-11 8.79E-12  1.120058E-10 3.03E-10  6.387719E-09 7.69E-09
   26 L2 N1  7.2602E+02  1.045952E-09 3.14E-09  0.000000E+00 0.00E+00  6.111751E-13 1.83E-12  6.111751E-13 1.83E-12  1.046563E-09 3.14E-09
   51 M3 O1  7.4577E+02  0.000000E+00 0.00E+00  0.000000E+00 0.00E+00  6.111751E-13 1.83E-12  6.111751E-13 1.83E-12  6.111751E-13 1.83E-12
   50 M1 N2  7.6541E+02  1.045952E-09 3.14E-09  0.000000E+00 0.00E+00  3.667051E-12 4.49E-12  3.667051E-12 4.49E-12  1.049619E-09 3.14E-09
   51 M2 N4  7.6729E+02  3.137857E-09 5.43E-09  0.000000E+00 0.00E+00  5.500576E-12 5.50E-12  5.500576E-12 5.50E-12  3.143357E-09 5.43E-09
   56 M5 O3  7.6849E+02  1.987370E-08 1.37E-08  1.958976E-10 4.16E-10  5.064716E-11 1.65E-11  2.465447E-10 4.32E-10  2.012025E-08 1.37E-08
   50 M1 N3  7.7325E+02  0.000000E+00 0.00E+00  0.000000E+00 0.00E+00  4.278226E-12 4.85E-12  4.278226E-12 4.85E-12  4.278226E-12 4.85E-12
   56 M4 O2  7.8234E+02  7.322276E-09 8.30E-09  0.000000E+00 0.00E+00  3.300346E-11 1.35E-11  3.300346E-11 1.35E-11  7.355280E-09 8.30E-09
   56 M4 O3  7.8464E+02  2.091904E-09 4.44E-09  0.000000E+00 0.00E+00  4.615987E-12 4.96E-12  4.615987E-12 4.96E-12  2.096520E-09 4.44E-09
   26 L1 M3  7.9220E+02  4.185031E-09 6.28E-09  0.000000E+00 0.00E+00  8.556452E-12 6.86E-12  8.556452E-12 6.86E-12  4.193588E-09 6.28E-09
   26 L1 M2  7.9220E+02  0.000000E+00 0.00E+00  0.000000E+00 0.00E+00  5.227162E-12 5.28E-12  5.227162E-12 5.28E-12  5.227162E-12 5.28E-12
   56 M3 N1  8.0065E+02  7.322276E-09 8.30E-09  0.000000E+00 0.00E+00  1.527938E-11 9.17E-12  1.527938E-11 9.17E-12  7.337556E-09 8.30E-09
   51 M1 N2  8.1196E+02  1.045952E-09 3.14E-09  9.794879E-11 2.94E-10  6.111751E-13 1.83E-12  9.855997E-11 2.96E-10  1.144512E-09 3.15E-09
   51 M1 N3  8.2086E+02  1.045952E-09 3.14E-09  0.000000E+00 0.00E+00  1.222350E-12 2.59E-12  1.222350E-12 2.59E-12  1.047175E-09 3.14E-09
   56 M2 N1  8.7585E+02  3.137857E-09 5.43E-09  0.000000E+00 0.00E+00  4.278226E-12 4.85E-12  4.278226E-12 4.85E-12  3.142135E-09 5.43E-09
   56 M3 N4  9.5484E+02  2.091904E-09 4.44E-09  0.000000E+00 0.00E+00  1.195009E-11 8.06E-12  1.195009E-11 8.06E-12  2.103854E-09 4.44E-09
   56 M3 N5  9.5754E+02  1.568928E-08 1.22E-08  9.794879E-11 2.94E-10  5.513446E-11 1.73E-11  1.530832E-10 3.11E-10  1.584237E-08 1.22E-08
   56 M3 O1  1.0186E+03  1.045952E-09 3.14E-09  0.000000E+00 0.00E+00  6.111751E-13 1.83E-12  6.111751E-13 1.83E-12  1.046563E-09 3.14E-09
   56 M2 N4  1.0300E+03  9.414181E-09 9.41E-09  9.794879E-11 2.94E-10  2.451135E-11 1.15E-11  1.224601E-10 3.05E-10  9.536641E-09 9.42E-09
   56 M1 N2  1.0692E+03  0.000000E+00 0.00E+00  0.000000E+00 0.00E+00  2.444700E-12 3.67E-12  2.444700E-12 3.67E-12  2.444700E-12 3.67E-12
   56 M1 N3  1.0850E+03  4.183809E-09 6.28E-09  0.000000E+00 0.00E+00  3.667051E-12 4.49E-12  3.667051E-12 4.49E-12  4.187476E-09 6.28E-09
   56 M2 O1  1.0938E+03  1.045952E-09 3.14E-09  0.000000E+00 0.00E+00  2.171287E-12 3.33E-12  2.171287E-12 3.33E-12  1.048123E-09 3.14E-09
   33 L3 M1  1.1198E+03  9.414792E-09 9.41E-09  3.917952E-10 5.88E-10  4.807377E-11 1.62E-11  4.398689E-10 6.04E-10  9.854661E-09 9.43E-09
   33 L2 M1  1.1550E+03  6.275713E-09 7.69E-09  3.917952E-10 5.88E-10  2.878958E-11 1.25E-11  4.205847E-10 6.00E-10  6.696298E-09 7.71E-09
   33 L3 M3  1.1837E+03  0.000000E+00 0.00E+00  0.000000E+00 0.00E+00  6.111751E-13 1.83E-12  6.111751E-13 1.83E-12  6.111751E-13 1.83E-12
   56 M1 O2  1.2491E+03  0.000000E+00 0.00E+00  0.000000E+00 0.00E+00  1.222350E-12 2.59E-12  1.222350E-12 2.59E-12  1.222350E-12 2.59E-12
   56 M1 O3  1.2514E+03  1.045952E-09 3.14E-09  0.000000E+00 0.00E+00  6.111751E-13 1.83E-12  6.111751E-13 1.83E-12  1.046563E-09 3.14E-09
   12  K L2  1.2534E+03  1.268779E-06 1.09E-07  2.411047E-08 4.61E-09  4.458326E-09 1.56E-10  2.856880E-08 4.77E-09  1.297348E-06 1.09E-07
   12  K L3  1.2537E+03  2.610780E-06 1.57E-07  4.488151E-08 6.29E-09  8.954103E-09 2.22E-10  5.383562E-08 6.51E-09  2.664615E-06 1.57E-07
   33 L3 M5  1.2820E+03  3.451826E-08 1.80E-08  5.876928E-10 7.20E-10  1.259504E-10 2.61E-11  7.136432E-10 7.46E-10  3.523190E-08 1.80E-08
   33 L3 M4  1.2820E+03  3.137857E-09 5.43E-09  9.794879E-11 2.94E-10  1.317244E-11 8.46E-12  1.111212E-10 3.02E-10  3.248978E-09 5.44E-09
   33 L3 N1  1.3104E+03  0.000000E+00 0.00E+00  0.000000E+00 0.00E+00  2.444700E-12 3.67E-12  2.444700E-12 3.67E-12  2.444700E-12 3.67E-12
   33 L2 M4  1.3170E+03  9.413570E-09 9.41E-09  3.917952E-10 5.88E-10  6.036162E-11 1.81E-11  4.521568E-10 6.06E-10  9.865726E-09 9.43E-09
   33 L2 N1  1.3478E+03  0.000000E+00 0.00E+00  0.000000E+00 0.00E+00  6.111751E-13 1.83E-12  6.111751E-13 1.83E-12  6.111751E-13 1.83E-12
   33 L1 M3  1.3885E+03  0.000000E+00 0.00E+00  9.794879E-11 2.94E-10  1.256126E-11 8.26E-12  1.105101E-10 3.02E-10  1.105101E-10 2.94E-10
   33 L1 M2  1.3885E+03  1.045952E-09 3.14E-09  9.794879E-11 2.94E-10  3.055876E-12 4.10E-12  1.010047E-10 2.98E-10  1.146957E-09 3.15E-09
   13  K L2  1.4863E+03  1.343990E-05 3.56E-07  2.932430E-07 1.64E-08  5.950613E-08 5.80E-10  3.527491E-07 1.70E-08  1.379264E-05 3.56E-07
   13  K L3  1.4867E+03  2.657016E-05 5.00E-07  5.929322E-07 2.41E-08  1.172856E-07 8.29E-10  7.102178E-07 2.50E-08  2.728038E-05 5.01E-07
   13  K M2  1.5576E+03  9.309219E-08 2.96E-08  1.077437E-09 9.75E-10  3.405372E-10 4.32E-11  1.417974E-09 1.02E-09  9.451016E-08 2.96E-08
   13  K M3  1.5576E+03  1.464379E-07 3.71E-08  3.330259E-09 1.71E-09  7.241624E-10 6.28E-11  4.054421E-09 1.78E-09  1.504923E-07 3.72E-08
   38 L3 M1  1.5822E+03  1.882751E-07 4.21E-08  2.938464E-10 5.09E-10  1.294564E-09 3.05E-10  1.588411E-09 8.14E-10  1.898635E-07 4.21E-08
   38 L2 M1  1.6493E+03  5.857454E-08 2.35E-08  2.938464E-10 5.09E-10  4.038100E-10 4.69E-11  6.976564E-10 5.56E-10  5.927220E-08 2.35E-08
   38 L3 M2  1.6614E+03  0.000000E+00 0.00E+00  0.000000E+00 0.00E+00  6.111751E-12 5.80E-12  6.111751E-12 5.80E-12  6.111751E-12 5.80E-12
   38 L3 M3  1.6715E+03  0.000000E+00 0.00E+00  0.000000E+00 0.00E+00  2.171287E-12 3.33E-12  2.171287E-12 3.33E-12  2.171287E-12 3.33E-12
   38 L2 M3  1.7383E+03  0.000000E+00 0.00E+00  0.000000E+00 0.00E+00  4.278226E-12 4.85E-12  4.278226E-12 4.85E-12  4.278226E-12 4.85E-12
   14  K L2  1.7394E+03  4.127113E-05 6.23E-07  4.222510E-08 6.46E-09  2.311965E-07 1.21E-09  2.734216E-07 7.66E-09  4.154455E-05 6.23E-07
   14  K L3  1.7400E+03  8.198882E-05 8.79E-07  7.860079E-08 9.49E-09  4.582760E-07 1.81E-09  5.368768E-07 1.13E-08  8.252570E-05 8.80E-07
   40 L3 M1  1.7921E+03  5.229761E-09 7.02E-09  0.000000E+00 0.00E+00  4.352213E-11 1.54E-11  4.352213E-11 1.54E-11  5.273283E-09 7.02E-09
   38 L3 M4  1.8048E+03  1.098280E-07 3.22E-08  9.794879E-11 2.94E-10  6.163865E-10 5.79E-11  7.143353E-10 3.52E-10  1.105424E-07 3.22E-08
   38 L3 M5  1.8066E+03  9.026772E-07 9.23E-08  1.469232E-09 1.14E-09  5.681278E-09 1.76E-10  7.150509E-09 1.31E-09  9.098277E-07 9.23E-08
   14  K M2  1.8360E+03  6.882528E-07 8.07E-08  9.794879E-10 9.29E-10  3.893766E-09 1.46E-10  4.873254E-09 1.08E-09  6.931261E-07 8.07E-08
   14  K M3  1.8360E+03  1.402657E-06 1.15E-07  1.175386E-09 1.02E-09  7.681330E-09 2.05E-10  8.856715E-09 1.22E-09  1.411513E-06 1.15E-07
   38 L2 M4  1.8717E+03  4.006058E-07 6.14E-08  9.794879E-11 2.94E-10  2.645634E-09 1.20E-10  2.743582E-09 4.14E-10  4.033494E-07 6.14E-08
   40 L2 M1  1.8766E+03  2.091904E-09 4.44E-09  0.000000E+00 0.00E+00  7.945276E-12 6.61E-12  7.945276E-12 6.61E-12  2.099850E-09 4.44E-09
   40 L3 M2  1.8792E+03  1.045952E-09 3.14E-09  0.000000E+00 0.00E+00  3.377614E-13 1.01E-12  3.377614E-13 1.01E-12  1.046290E-09 3.14E-09
   38 L3 N1  1.8960E+03  8.368229E-09 8.88E-09  0.000000E+00 0.00E+00  4.908705E-11 1.63E-11  4.908705E-11 1.63E-11  8.417316E-09 8.88E-09
   38 L1 M2  1.9364E+03  1.673523E-08 1.26E-08  0.000000E+00 0.00E+00  1.261595E-10 2.62E-11  1.261595E-10 2.62E-11  1.686139E-08 1.26E-08
   38 L1 M3  1.9472E+03  1.882836E-08 1.33E-08  0.000000E+00 0.00E+00  2.442289E-10 3.64E-11  2.442289E-10 3.64E-11  1.907259E-08 1.33E-08
   38 L2 N1  1.9657E+03  0.000000E+00 0.00E+00  0.000000E+00 0.00E+00  2.111772E-11 1.07E-11  2.111772E-11 1.07E-11  2.111772E-11 1.07E-11
   40 L3 M4  2.0402E+03  3.137857E-09 5.43E-09  9.794879E-11 2.94E-10  2.661829E-11 1.21E-11  1.245671E-10 3.06E-10  3.262424E-09 5.44E-09
   40 L3 M5  2.0425E+03  2.719476E-08 1.60E-08  0.000000E+00 0.00E+00  2.541364E-10 3.71E-11  2.541364E-10 3.71E-11  2.744889E-08 1.60E-08
   38 L1 M4  2.0805E+03  0.000000E+00 0.00E+00  0.000000E+00 0.00E+00  1.833525E-12 3.18E-12  1.833525E-12 3.18E-12  1.833525E-12 3.18E-12
   38 L1 M5  2.0822E+03  0.000000E+00 0.00E+00  0.000000E+00 0.00E+00  6.111751E-13 1.83E-12  6.111751E-13 1.83E-12  6.111751E-13 1.83E-12
   40 L2 M4  2.1244E+03  1.359738E-08 1.13E-08  0.000000E+00 0.00E+00  8.630439E-11 2.17E-11  8.630439E-11 2.17E-11  1.368368E-08 1.13E-08
   40 L3 N1  2.1648E+03  0.000000E+00 0.00E+00  0.000000E+00 0.00E+00  2.444700E-12 3.67E-12  2.444700E-12 3.67E-12  2.444700E-12 3.67E-12
   38 L1 N2  2.1716E+03  0.000000E+00 0.00E+00  0.000000E+00 0.00E+00  1.629266E-11 9.33E-12  1.629266E-11 9.33E-12  1.629266E-11 9.33E-12
   38 L1 N3  2.1729E+03  3.137857E-09 5.43E-09  0.000000E+00 0.00E+00  3.252098E-11 1.32E-11  3.252098E-11 1.32E-11  3.170378E-09 5.43E-09
   40 L1 M2  2.1877E+03  1.045952E-09 3.14E-09  0.000000E+00 0.00E+00  4.889401E-12 5.19E-12  4.889401E-12 5.19E-12  1.050842E-09 3.14E-09
   40 L1 M3  2.2011E+03  1.045952E-09 3.14E-09  0.000000E+00 0.00E+00  9.505388E-12 7.17E-12  9.505388E-12 7.17E-12  1.055458E-09 3.14E-09
   40 L3 N5  2.2183E+03  0.000000E+00 0.00E+00  0.000000E+00 0.00E+00  3.667051E-12 4.49E-12  3.667051E-12 4.49E-12  3.667051E-12 4.49E-12
   40 L2 N1  2.2522E+03  0.000000E+00 0.00E+00  0.000000E+00 0.00E+00  1.222350E-12 2.59E-12  1.222350E-12 2.59E-12  1.222350E-12 2.59E-12
   40 L2 N4  2.3055E+03  0.000000E+00 0.00E+00  0.000000E+00 0.00E+00  3.055876E-12 4.10E-12  3.055876E-12 4.10E-12  3.055876E-12 4.10E-12
   40 L1 N2  2.4760E+03  0.000000E+00 0.00E+00  0.000000E+00 0.00E+00  2.444700E-12 3.67E-12  2.444700E-12 3.67E-12  2.444700E-12 3.67E-12
   40 L1 N3  2.4779E+03  0.000000E+00 0.00E+00  0.000000E+00 0.00E+00  6.111751E-13 1.83E-12  6.111751E-13 1.83E-12  6.111751E-13 1.83E-12
   50 L3 M1  3.0450E+03  1.045952E-08 9.92E-09  0.000000E+00 0.00E+00  2.682738E-10 3.82E-11  2.682738E-10 3.82E-11  1.072780E-08 9.92E-09
   50 L3 M2  3.1734E+03  0.000000E+00 0.00E+00  0.000000E+00 0.00E+00  1.833525E-12 3.18E-12  1.833525E-12 3.18E-12  1.833525E-12 3.18E-12
   51 L3 M1  3.1886E+03  5.229761E-09 7.02E-09  0.000000E+00 0.00E+00  7.625217E-11 2.04E-11  7.625217E-11 2.04E-11  5.306013E-09 7.02E-09
   50 L3 M3  3.2150E+03  0.000000E+00 0.00E+00  0.000000E+00 0.00E+00  3.667051E-12 4.49E-12  3.667051E-12 4.49E-12  3.667051E-12 4.49E-12
   50 L2 M1  3.2724E+03  1.045952E-09 3.14E-09  0.000000E+00 0.00E+00  7.835911E-11 2.07E-11  7.835911E-11 2.07E-11  1.124311E-09 3.14E-09
   51 L2 M1  3.4367E+03  0.000000E+00 0.00E+00  0.000000E+00 0.00E+00  2.111772E-11 1.07E-11  2.111772E-11 1.07E-11  2.111772E-11 1.07E-11
   50 L3 M4  3.4374E+03  7.321665E-09 8.30E-09  9.794879E-11 2.94E-10  2.281293E-10 3.51E-11  3.260781E-10 3.29E-10  7.647743E-09 8.31E-09
   50 L3 M5  3.4440E+03  7.112631E-08 2.59E-08  0.000000E+00 0.00E+00  2.177811E-09 1.09E-10  2.177811E-09 1.09E-10  7.330412E-08 2.59E-08
   51 L3 M4  3.5954E+03  2.091904E-09 4.44E-09  0.000000E+00 0.00E+00  8.398838E-11 2.13E-11  8.398838E-11 2.13E-11  2.175893E-09 4.44E-09
   51 L3 M5  3.6048E+03  2.196500E-08 1.44E-08  0.000000E+00 0.00E+00  7.033344E-10 6.20E-11  7.033344E-10 6.20E-11  2.266833E-08 1.44E-08
   50 L2 M4  3.6628E+03  3.660894E-08 1.86E-08  0.000000E+00 0.00E+00  1.168954E-09 7.96E-11  1.168954E-09 7.96E-11  3.777789E-08 1.86E-08
   20  K L2  3.6881E+03  2.222675E-06 1.45E-07  2.938464E-10 5.09E-10  8.305735E-08 7.17E-10  8.335119E-08 1.23E-09  2.306026E-06 1.45E-07
   20  K L3  3.6917E+03  4.577135E-06 2.08E-07  1.371283E-09 1.31E-09  1.646651E-07 1.07E-09  1.660364E-07 2.38E-09  4.743171E-06 2.08E-07
   50 L1 M2  3.7083E+03  1.045952E-09 3.14E-09  0.000000E+00 0.00E+00  1.500436E-10 2.85E-11  1.500436E-10 2.85E-11  1.195996E-09 3.14E-09
   50 L1 M3  3.7504E+03  4.183809E-09 6.28E-09  0.000000E+00 0.00E+00  2.546029E-10 3.72E-11  2.546029E-10 3.72E-11  4.438412E-09 6.28E-09
   50 L3 N1  3.7840E+03  1.045952E-09 3.14E-09  0.000000E+00 0.00E+00  1.839960E-11 9.98E-12  1.839960E-11 9.98E-12  1.064352E-09 3.14E-09
   50 L3 N2  3.8232E+03  0.000000E+00 0.00E+00  0.000000E+00 0.00E+00  6.111751E-13 1.83E-12  6.111751E-13 1.83E-12  6.111751E-13 1.83E-12
   51 L2 M4  3.8436E+03  1.255143E-08 1.09E-08  0.000000E+00 0.00E+00  4.215664E-10 4.78E-11  4.215664E-10 4.78E-11  1.297299E-08 1.09E-08
   51 L1 M2  3.8864E+03  1.045952E-09 3.14E-09  0.000000E+00 0.00E+00  5.302752E-11 1.70E-11  5.302752E-11 1.70E-11  1.098980E-09 3.14E-09
   50 L3 N4  3.8933E+03  4.183809E-09 6.28E-09  0.000000E+00 0.00E+00  3.211887E-11 1.33E-11  3.211887E-11 1.33E-11  4.215928E-09 6.28E-09
   50 L3 N5  3.8944E+03  1.255143E-08 1.09E-08  0.000000E+00 0.00E+00  2.521582E-10 3.70E-11  2.521582E-10 3.70E-11  1.280358E-08 1.09E-08
   50 L3 O1  3.9134E+03  0.000000E+00 0.00E+00  0.000000E+00 0.00E+00  2.444700E-12 3.67E-12  2.444700E-12 3.67E-12  2.444700E-12 3.67E-12
   51 L1 M3  3.9327E+03  4.183809E-09 6.28E-09  0.000000E+00 0.00E+00  9.484482E-11 2.26E-11  9.484482E-11 2.26E-11  4.278654E-09 6.28E-09
   56 L3 M1  3.9542E+03  1.045952E-09 3.14E-09  0.000000E+00 0.00E+00  2.494401E-10 3.67E-11  2.494401E-10 3.67E-11  1.295392E-09 3.14E-09
   50 L1 M4  3.9716E+03  0.000000E+00 0.00E+00  0.000000E+00 0.00E+00  1.222350E-12 2.59E-12  1.222350E-12 2.59E-12  1.222350E-12 2.59E-12
   51 L3 N1  3.9722E+03  0.000000E+00 0.00E+00  0.000000E+00 0.00E+00  7.671863E-12 6.43E-12  7.671863E-12 6.43E-12  7.671863E-12 6.43E-12
   50 L1 M5  3.9800E+03  0.000000E+00 0.00E+00  0.000000E+00 0.00E+00  3.393637E-12 4.22E-12  3.393637E-12 4.22E-12  3.393637E-12 4.22E-12
   20  K M3  4.0128E+03  4.748678E-07 6.69E-08  9.794879E-11 2.94E-10  1.743188E-08 3.12E-10  1.752983E-08 6.06E-10  4.923976E-07 6.69E-08
   20  K M2  4.0128E+03  2.374354E-07 4.73E-08  9.794879E-11 2.94E-10  8.890109E-09 2.21E-10  8.988058E-09 5.15E-10  2.464235E-07 4.73E-08
   50 L2 N1  4.0180E+03  0.000000E+00 0.00E+00  0.000000E+00 0.00E+00  7.060688E-12 6.16E-12  7.060688E-12 6.16E-12  7.060688E-12 6.16E-12
   51 L3 N4  4.0886E+03  0.000000E+00 0.00E+00  0.000000E+00 0.00E+00  7.945276E-12 6.61E-12  7.945276E-12 6.61E-12  7.945276E-12 6.61E-12
   51 L3 N5  4.0899E+03  3.137857E-09 5.43E-09  0.000000E+00 0.00E+00  9.240011E-11 2.23E-11  9.240011E-11 2.23E-11  3.230257E-09 5.43E-09
   56 L3 M2  4.1111E+03  0.000000E+00 0.00E+00  0.000000E+00 0.00E+00  1.222350E-12 2.59E-12  1.222350E-12 2.59E-12  1.222350E-12 2.59E-12
   50 L2 N4  4.1273E+03  4.183809E-09 6.28E-09  0.000000E+00 0.00E+00  1.510889E-10 2.88E-11  1.510889E-10 2.88E-11  4.334898E-09 6.28E-09
   50 L2 O1  4.1474E+03  0.000000E+00 0.00E+00  0.000000E+00 0.00E+00  1.222350E-12 2.59E-12  1.222350E-12 2.59E-12  1.222350E-12 2.59E-12
   51 L1 M4  4.1616E+03  0.000000E+00 0.00E+00  0.000000E+00 0.00E+00  6.111751E-13 1.83E-12  6.111751E-13 1.83E-12  6.111751E-13 1.83E-12
   51 L1 M5  4.1708E+03  0.000000E+00 0.00E+00  0.000000E+00 0.00E+00  6.111751E-13 1.83E-12  6.111751E-13 1.83E-12  6.111751E-13 1.83E-12
   56 L3 M3  4.1846E+03  0.000000E+00 0.00E+00  0.000000E+00 0.00E+00  6.111751E-13 1.83E-12  6.111751E-13 1.83E-12  6.111751E-13 1.83E-12
   51 L2 N1  4.2277E+03  0.000000E+00 0.00E+00  9.794879E-11 2.94E-10  3.055876E-12 4.10E-12  1.010047E-10 2.98E-10  1.010047E-10 2.94E-10
   56 L2 M1  4.3310E+03  0.000000E+00 0.00E+00  0.000000E+00 0.00E+00  6.993135E-11 1.96E-11  6.993135E-11 1.96E-11  6.993135E-11 1.96E-11
   50 L1 N2  4.3367E+03  2.091904E-09 4.44E-09  0.000000E+00 0.00E+00  3.646144E-11 1.41E-11  3.646144E-11 1.41E-11  2.128366E-09 4.44E-09
   51 L2 N4  4.3441E+03  1.045952E-09 3.14E-09  0.000000E+00 0.00E+00  5.254504E-11 1.68E-11  5.254504E-11 1.68E-11  1.098497E-09 3.14E-09
   50 L1 N3  4.3445E+03  1.045952E-09 3.14E-09  0.000000E+00 0.00E+00  4.936047E-11 1.64E-11  4.936047E-11 1.64E-11  1.095313E-09 3.14E-09
   50 L1 N5  4.4079E+03  0.000000E+00 0.00E+00  0.000000E+00 0.00E+00  6.111751E-13 1.83E-12  6.111751E-13 1.83E-12  6.111751E-13 1.83E-12
   50 L1 O2  4.4340E+03  0.000000E+00 0.00E+00  0.000000E+00 0.00E+00  1.833525E-12 3.18E-12  1.833525E-12 3.18E-12  1.833525E-12 3.18E-12
   50 L1 O3  4.4345E+03  0.000000E+00 0.00E+00  0.000000E+00 0.00E+00  6.111751E-13 1.83E-12  6.111751E-13 1.83E-12  6.111751E-13 1.83E-12
   56 L3 M4  4.4509E+03  6.275713E-09 7.69E-09  0.000000E+00 0.00E+00  2.817680E-10 3.91E-11  2.817680E-10 3.91E-11  6.557481E-09 7.69E-09
   56 L3 M5  4.4663E+03  3.556237E-08 1.83E-08  0.000000E+00 0.00E+00  2.351144E-09 1.13E-10  2.351144E-09 1.13E-10  3.791352E-08 1.83E-08
   22  K L2  4.5049E+03  7.321665E-09 8.30E-09  0.000000E+00 0.00E+00  3.696808E-10 4.47E-11  3.696808E-10 4.47E-11  7.691346E-09 8.30E-09
   22  K L3  4.5109E+03  7.321665E-09 8.30E-09  0.000000E+00 0.00E+00  7.257711E-10 6.26E-11  7.257711E-10 6.26E-11  8.047436E-09 8.30E-09
   51 L1 N2  4.5567E+03  0.000000E+00 0.00E+00  0.000000E+00 0.00E+00  1.072774E-11 7.63E-12  1.072774E-11 7.63E-12  1.072774E-11 7.63E-12
   56 L2 M3  4.5609E+03  0.000000E+00 0.00E+00  0.000000E+00 0.00E+00  1.222350E-12 2.59E-12  1.222350E-12 2.59E-12  1.222350E-12 2.59E-12
   51 L1 N3  4.5656E+03  0.000000E+00 0.00E+00  0.000000E+00 0.00E+00  2.234007E-11 1.10E-11  2.234007E-11 1.10E-11  2.234007E-11 1.10E-11
   56 L2 M4  4.8276E+03  1.464333E-08 1.17E-08  0.000000E+00 0.00E+00  1.332154E-09 8.51E-11  1.332154E-09 8.51E-11  1.597548E-08 1.17E-08
   56 L1 M2  4.8520E+03  2.091904E-09 4.44E-09  0.000000E+00 0.00E+00  1.502527E-10 2.85E-11  1.502527E-10 2.85E-11  2.242157E-09 4.44E-09
   56 L1 M3  4.9270E+03  3.137857E-09 5.43E-09  0.000000E+00 0.00E+00  2.312175E-10 3.51E-11  2.312175E-10 3.51E-11  3.369074E-09 5.44E-09
   22  K M2  4.9318E+03  0.000000E+00 0.00E+00  0.000000E+00 0.00E+00  4.229978E-11 1.51E-11  4.229978E-11 1.51E-11  4.229978E-11 1.51E-11
   22  K M3  4.9318E+03  3.137857E-09 5.43E-09  0.000000E+00 0.00E+00  8.270168E-11 2.12E-11  8.270168E-11 2.12E-11  3.220558E-09 5.43E-09
   56 L3 N1  4.9871E+03  0.000000E+00 0.00E+00  0.000000E+00 0.00E+00  2.851616E-11 1.24E-11  2.851616E-11 1.24E-11  2.851616E-11 1.24E-11
   56 L3 N3  5.0551E+03  0.000000E+00 0.00E+00  0.000000E+00 0.00E+00  6.111751E-13 1.83E-12  6.111751E-13 1.83E-12  6.111751E-13 1.83E-12
   56 L3 N4  5.1412E+03  0.000000E+00 0.00E+00  0.000000E+00 0.00E+00  3.924390E-11 1.46E-11  3.924390E-11 1.46E-11  3.924390E-11 1.46E-11
   56 L3 N5  5.1439E+03  7.321665E-09 8.30E-09  0.000000E+00 0.00E+00  3.958327E-10 4.64E-11  3.958327E-10 4.64E-11  7.717498E-09 8.30E-09
   56 L1 M4  5.1943E+03  0.000000E+00 0.00E+00  0.000000E+00 0.00E+00  2.444700E-12 3.67E-12  2.444700E-12 3.67E-12  2.444700E-12 3.67E-12
   56 L3 O1  5.2050E+03  1.045952E-09 3.14E-09  0.000000E+00 0.00E+00  6.111751E-12 5.80E-12  6.111751E-12 5.80E-12  1.052064E-09 3.14E-09
   56 L1 M5  5.2172E+03  0.000000E+00 0.00E+00  0.000000E+00 0.00E+00  3.055876E-12 4.10E-12  3.055876E-12 4.10E-12  3.055876E-12 4.10E-12
   56 L2 N1  5.3739E+03  0.000000E+00 0.00E+00  0.000000E+00 0.00E+00  8.283038E-12 6.69E-12  8.283038E-12 6.69E-12  8.283038E-12 6.69E-12
   56 L2 N4  5.5281E+03  3.137857E-09 5.43E-09  0.000000E+00 0.00E+00  2.159218E-10 3.43E-11  2.159218E-10 3.43E-11  3.353778E-09 5.44E-09
   56 L1 N2  5.7566E+03  0.000000E+00 0.00E+00  0.000000E+00 0.00E+00  3.184545E-11 1.32E-11  3.184545E-11 1.32E-11  3.184545E-11 1.32E-11
   56 L1 N3  5.7724E+03  0.000000E+00 0.00E+00  0.000000E+00 0.00E+00  4.854022E-11 1.61E-11  4.854022E-11 1.61E-11  4.854022E-11 1.61E-11
   56 L1 O2  5.9365E+03  0.000000E+00 0.00E+00  0.000000E+00 0.00E+00  4.889401E-12 5.19E-12  4.889401E-12 5.19E-12  4.889401E-12 5.19E-12
   56 L1 O3  5.9388E+03  0.000000E+00 0.00E+00  0.000000E+00 0.00E+00  7.060688E-12 6.16E-12  7.060688E-12 6.16E-12  7.060688E-12 6.16E-12
   26  K L2  6.3910E+03  6.275713E-09 7.69E-09  0.000000E+00 0.00E+00  1.036795E-09 7.49E-11  1.036795E-09 7.49E-11  7.312508E-09 7.69E-09
   26  K L3  6.4040E+03  1.045952E-08 9.92E-09  0.000000E+00 0.00E+00  2.070888E-09 1.06E-10  2.070888E-09 1.06E-10  1.253041E-08 9.92E-09
   26  K M2  7.0582E+03  0.000000E+00 0.00E+00  0.000000E+00 0.00E+00  1.210450E-10 2.55E-11  1.210450E-10 2.55E-11  1.210450E-10 2.55E-11
   26  K M3  7.0582E+03  1.045952E-09 3.14E-09  0.000000E+00 0.00E+00  2.618083E-10 3.78E-11  2.618083E-10 3.78E-11  1.307760E-09 3.14E-09
   33  K L2  1.0508E+04  1.045952E-09 3.14E-09  0.000000E+00 0.00E+00  2.238674E-10 3.46E-11  2.238674E-10 3.46E-11  1.269820E-09 3.14E-09
   33  K L3  1.0543E+04  1.045952E-09 3.14E-09  0.000000E+00 0.00E+00  4.786636E-10 5.10E-11  4.786636E-10 5.10E-11  1.524616E-09 3.14E-09
   33  K M2  1.1720E+04  0.000000E+00 0.00E+00  0.000000E+00 0.00E+00  2.816238E-11 1.21E-11  2.816238E-11 1.21E-11  2.816238E-11 1.21E-11
   33  K M3  1.1726E+04  0.000000E+00 0.00E+00  0.000000E+00 0.00E+00  6.502593E-11 1.85E-11  6.502593E-11 1.85E-11  6.502593E-11 1.85E-11
   33  K N2  1.1821E+04  0.000000E+00 0.00E+00  0.000000E+00 0.00E+00  6.111751E-13 1.83E-12  6.111751E-13 1.83E-12  6.111751E-13 1.83E-12
   33  K N3  1.1821E+04  0.000000E+00 0.00E+00  0.000000E+00 0.00E+00  1.286698E-12 2.33E-12  1.286698E-12 2.33E-12  1.286698E-12 2.33E-12
