 #  Results from PENEPMA. Output from photon detector #  1
 #
 #  Angular intervals : theta_1 = 5.000000E+01,  theta_2 = 6.000000E+01
 #                        phi_1 = 0.000000E+00,    phi_2 = 3.600000E+02
 #  Energy window = ( 4.00000E+02, 4.00000E+03) eV, no. of channels = 1000
 #  Channel width = 3.600000E+00 eV
 #
 #  Whole spectrum. Characteristic peaks and background.
 #  1st column: photon energy (eV).
 #  2nd column: probability density (1/(eV*sr*particle)).
 #  3rd column: statistical uncertainty (3 sigma).
 #
   4.018000E+02  2.319304E-08  9.386901E-09
   4.054000E+02  2.388987E-08  9.166337E-09
   4.090000E+02  2.014989E-08  8.597774E-09
   4.126000E+02  2.694809E-08  9.821188E-09
   4.162000E+02  2.530885E-08  9.503004E-09
   4.198000E+02  2.244646E-08  9.157464E-09
   4.234000E+02  2.804820E-08  1.033326E-08
   4.270000E+02  2.276759E-08  9.307545E-09
   4.306000E+02  2.685884E-08  9.797339E-09
   4.342000E+02  2.573430E-08  9.580729E-09
   4.378000E+02  2.326721E-08  9.504605E-09
   4.414000E+02  2.845858E-08  1.048880E-08
   4.450000E+02  2.048609E-08  8.656643E-09
   4.486000E+02  2.507923E-08  9.737085E-09
   4.522000E+02  3.154122E-08  1.078529E-08
   4.558000E+02  2.614467E-08  9.748296E-09
   4.594000E+02  2.242913E-08  8.877382E-09
   4.630000E+02  2.604035E-08  9.814124E-09
   4.666000E+02  2.683441E-08  1.010500E-08
   4.702000E+02  2.958086E-08  1.036363E-08
   4.738000E+02  2.207785E-08  8.918965E-09
   4.774000E+02  2.014989E-08  8.597774E-09
   4.810000E+02  1.880509E-08  8.358135E-09
   4.846000E+02  2.614467E-08  9.748296E-09
   4.882000E+02  2.034001E-08  8.791875E-09
   4.918000E+02  2.416923E-08  9.373626E-09
   4.954000E+02  2.808997E-08  1.028125E-08
   4.990000E+02  2.455518E-08  9.860382E-09
   5.026000E+02  2.082230E-08  8.715114E-09
   5.062000E+02  2.431532E-08  9.246899E-09
   5.098000E+02  2.640896E-08  1.003135E-08
   5.134000E+02  1.605066E-08  7.425586E-09
   5.170000E+02  2.440683E-08  9.632236E-09
   5.206000E+02  2.918782E-08  1.045071E-08
   5.242000E+02  2.224127E-08  9.068602E-09
   5.278000E+02  2.414480E-08  9.694746E-09
   5.314000E+02  1.865674E-08  8.087710E-09
   5.350000E+02  2.183090E-08  8.888210E-09
   5.386000E+02  2.575163E-08  9.840813E-09
   5.422000E+02  2.202101E-08  9.076098E-09
   5.458000E+02  2.448100E-08  9.746977E-09
   5.494000E+02  1.751712E-08  7.935184E-09
   5.530000E+02  1.777915E-08  7.858716E-09
   5.566000E+02  1.684472E-08  7.806097E-09
   5.602000E+02  1.972444E-08  8.511046E-09
   5.638000E+02  2.468619E-08  9.829703E-09
   5.674000E+02  2.446367E-08  9.484320E-09
   5.710000E+02  2.123267E-08  8.899020E-09
   5.746000E+02  2.000155E-08  8.335130E-09
   5.782000E+02  1.893610E-08  8.321929E-09
   5.818000E+02  1.751712E-08  8.062364E-09
   5.854000E+02  1.946016E-08  8.175503E-09
   5.890000E+02  2.270849E-08  9.091267E-09
   5.926000E+02  2.211026E-08  9.101842E-09
   5.962000E+02  1.798434E-08  7.961107E-09
   5.998000E+02  2.192241E-08  9.288442E-09
   6.034000E+02  1.630333E-08  7.635393E-09
   6.070000E+02  2.211026E-08  9.101842E-09
   6.106000E+02  2.168255E-08  8.634409E-09
   6.142000E+02  2.309382E-06  2.944920E-07
   6.178000E+02  1.837738E-08  7.846501E-09
   6.214000E+02  2.020899E-08  8.826155E-09
   6.250000E+02  1.722269E-08  7.802515E-09
   6.286000E+02  1.114834E-06  2.012038E-07
   6.322000E+02  1.723776E-08  7.689187E-09
   6.358000E+02  1.641927E-08  7.710450E-09
   6.394000E+02  1.902761E-08  8.748111E-09
   6.430000E+02  1.947749E-08  8.478804E-09
   6.466000E+02  2.414480E-08  9.694746E-09
   6.502000E+02  2.480686E-08  1.522670E-08
   6.538000E+02  1.516372E-08  7.473602E-09
   6.574000E+02  2.230510E-08  1.484239E-08
   6.610000E+02  1.691890E-08  8.074245E-09
   6.646000E+02  2.086632E-08  9.038150E-09
   6.682000E+02  1.932914E-08  8.212355E-09
   6.718000E+02  2.063444E-08  8.909814E-09
   6.754000E+02  1.960850E-08  8.443115E-09
   6.790000E+02  1.273614E-08  6.820360E-09
   6.826000E+02  1.440207E-08  7.304400E-09
   6.862000E+02  1.529473E-08  7.433097E-09
   6.898000E+02  1.731194E-08  7.832452E-09
   6.934000E+02  1.833787E-08  8.333452E-09
   6.970000E+02  2.468619E-08  9.829703E-09
   7.006000E+02  1.684472E-08  7.806097E-09
   7.042000E+02  8.812071E-07  1.786892E-07
   7.078000E+02  1.467917E-08  7.098667E-09
   7.114000E+02  1.022409E-07  5.730062E-08
   7.150000E+02  1.968268E-08  8.573789E-09
   7.186000E+02  3.946602E-07  1.184147E-07
   7.222000E+02  1.738611E-08  7.973143E-09
   7.258000E+02  4.616966E-08  3.374752E-08
   7.294000E+02  1.567270E-08  7.429344E-09
   7.330000E+02  2.048609E-08  8.656643E-09
   7.366000E+02  1.503270E-08  7.513889E-09
   7.402000E+02  1.399169E-08  7.221416E-09
   7.438000E+02  1.294132E-08  6.938109E-09
   7.474000E+02  1.454815E-08  7.141068E-09
   7.510000E+02  1.159652E-08  6.638667E-09
   7.546000E+02  1.880509E-08  8.358135E-09
   7.582000E+02  1.813269E-08  8.235691E-09
   7.618000E+02  1.658270E-08  7.883073E-09
   7.654000E+02  1.779649E-08  8.173780E-09
   7.690000E+02  1.361373E-08  7.083074E-09
   7.726000E+02  1.574687E-08  7.577524E-09
   7.762000E+02  1.503270E-08  7.513889E-09
   7.798000E+02  2.041192E-08  8.527240E-09
   7.834000E+02  1.245677E-08  6.532493E-09
   7.870000E+02  1.456549E-08  7.486397E-09
   7.906000E+02  1.636593E-07  7.471491E-08
   7.942000E+02  1.542800E-08  7.839262E-09
   7.978000E+02  1.408094E-08  7.112132E-09
   8.014000E+02  1.030855E-08  6.097423E-09
   8.050000E+02  1.548484E-08  7.656794E-09
   8.086000E+02  1.241727E-08  7.110010E-09
   8.122000E+02  1.544308E-08  7.726474E-09
   8.158000E+02  9.505138E-09  5.979058E-09
   8.194000E+02  1.231069E-08  6.710648E-09
   8.230000E+02  1.773965E-08  8.344953E-09
   8.266000E+02  1.348271E-08  7.125565E-09
   8.302000E+02  1.460725E-08  7.414461E-09
   8.338000E+02  1.652586E-08  8.060421E-09
   8.374000E+02  1.376207E-08  7.390362E-09
   8.410000E+02  1.139133E-08  6.515504E-09
   8.446000E+02  1.239993E-08  6.745440E-09
   8.482000E+02  1.312918E-08  6.686263E-09
   8.518000E+02  1.402410E-08  7.308210E-09
   8.554000E+02  1.389309E-08  7.349401E-09
   8.590000E+02  7.693120E-09  5.591918E-09
   8.626000E+02  1.536890E-08  7.581205E-09
   8.662000E+02  1.308967E-08  7.251545E-09
   8.698000E+02  1.327752E-08  7.010967E-09
   8.734000E+02  1.105513E-08  6.437029E-09
   8.770000E+02  1.501537E-08  7.169885E-09
   8.806000E+02  1.185855E-08  6.547099E-09
   8.842000E+02  1.017754E-08  6.146725E-09
   8.878000E+02  1.111197E-08  6.213523E-09
   8.914000E+02  1.308169E-08  6.570089E-09
   8.950000E+02  1.241727E-08  7.110010E-09
   8.986000E+02  1.118614E-08  6.389966E-09
   9.022001E+02  1.367056E-08  6.880582E-09
   9.058001E+02  1.167069E-08  6.804094E-09
   9.094001E+02  1.495853E-08  7.364427E-09
   9.130001E+02  1.223651E-08  6.542859E-09
   9.166001E+02  8.553375E-09  5.465515E-09
   9.202001E+02  1.084994E-08  6.309930E-09
   9.238001E+02  1.422929E-08  7.418216E-09
   9.274001E+02  1.281031E-08  6.981481E-09
   9.310001E+02  1.746029E-08  8.111394E-09
   9.346001E+02  9.767165E-09  5.877233E-09
   9.382001E+02  1.064476E-08  6.180216E-09
   9.418001E+02  9.710326E-09  6.113046E-09
   9.454001E+02  9.094763E-09  5.701641E-09
   9.490001E+02  1.367282E-08  7.358622E-09
   9.526001E+02  1.105513E-08  6.437029E-09
   9.562001E+02  1.428613E-08  7.225123E-09
   9.598001E+02  1.335170E-08  7.167805E-09
   9.634001E+02  1.359639E-08  6.717042E-09
   9.670001E+02  1.165336E-08  6.422181E-09
   9.706001E+02  1.030855E-08  6.097423E-09
   9.742001E+02  1.363816E-08  6.636773E-09
   9.778001E+02  9.225777E-09  5.648459E-09
   9.814001E+02  9.094763E-09  5.701641E-09
   9.850001E+02  1.591029E-08  7.753109E-09
   9.886001E+02  8.758562E-09  5.611782E-09
   9.922001E+02  1.232576E-08  6.578539E-09
   9.958001E+02  1.454815E-08  7.141068E-09
   9.994001E+02  1.577928E-08  7.791952E-09
   1.003000E+03  6.330981E-09  4.706508E-09
   1.006600E+03  1.163828E-08  6.557440E-09
   1.010200E+03  1.198956E-08  6.500831E-09
   1.013800E+03  1.092412E-08  6.483751E-09
   1.017400E+03  1.281031E-08  6.981481E-09
   1.021000E+03  8.610214E-09  5.200424E-09
   1.024600E+03  1.146551E-08  6.683980E-09
   1.028200E+03  1.779649E-08  8.173780E-09
   1.031800E+03  1.002919E-08  5.773610E-09
   1.035400E+03  9.579313E-09  6.162221E-09
   1.039000E+03  1.414004E-08  7.386596E-09
   1.042600E+03  1.077577E-08  6.131183E-09
   1.046200E+03  7.880973E-09  5.276223E-09
   1.049800E+03  9.225777E-09  5.648459E-09
   1.053400E+03  1.126032E-08  6.561667E-09
   1.057000E+03  9.505138E-09  5.979058E-09
   1.060600E+03  1.254828E-08  7.067427E-09
   1.064200E+03  8.832736E-09  5.806543E-09
   1.067800E+03  6.068954E-09  4.833041E-09
   1.071400E+03  1.038273E-08  6.277132E-09
   1.075000E+03  1.286715E-08  6.775956E-09
   1.078600E+03  1.159652E-08  6.638667E-09
   1.082200E+03  8.627549E-09  5.665307E-09
   1.085800E+03  1.058792E-08  6.404884E-09
   1.089400E+03  8.496535E-09  5.718331E-09
   1.093000E+03  1.133449E-08  6.728988E-09
   1.096600E+03  8.627549E-09  5.665307E-09
   1.100200E+03  1.477068E-08  7.593820E-09
   1.103800E+03  1.314651E-08  7.053892E-09
   1.107400E+03  7.749959E-09  5.333114E-09
   1.111000E+03  4.986176E-09  4.252503E-09
   1.114600E+03  9.168937E-09  5.893433E-09
   1.118200E+03  1.045690E-08  6.451837E-09
   1.121800E+03  1.071893E-08  6.357584E-09
   1.125400E+03  9.037924E-09  5.944423E-09
   1.129000E+03  1.165336E-08  6.422181E-09
   1.132600E+03  9.972353E-09  6.013489E-09
   1.136200E+03  1.206373E-08  6.669677E-09
   1.139800E+03  7.339584E-09  5.020112E-09
   1.143400E+03  9.841340E-09  6.063472E-09
   1.147000E+03  1.152234E-08  6.469011E-09
   1.150600E+03  1.064476E-08  6.180216E-09
   1.154200E+03  9.094763E-09  5.701641E-09
   1.157800E+03  7.282745E-09  5.294238E-09
   1.161400E+03  1.079310E-08  6.530137E-09
   1.165000E+03  6.946543E-09  5.197327E-09
   1.168600E+03  9.094763E-09  5.701641E-09
   1.172200E+03  1.185855E-08  6.547099E-09
   1.175800E+03  1.012070E-08  6.372574E-09
   1.179400E+03  8.496535E-09  5.718331E-09
   1.183000E+03  9.579313E-09  6.162221E-09
   1.186600E+03  9.898179E-09  5.825652E-09
   1.190200E+03  5.789592E-09  4.417469E-09
   1.193800E+03  7.413758E-09  5.236926E-09
   1.197400E+03  7.693120E-09  5.591918E-09
   1.201000E+03  8.496535E-09  5.718331E-09
   1.204600E+03  1.032589E-08  6.498451E-09
   1.208200E+03  7.077557E-09  5.138935E-09
   1.211800E+03  6.461994E-09  4.641947E-09
   1.215400E+03  8.348187E-09  5.315224E-09
   1.219000E+03  1.180171E-08  6.759586E-09
   1.222600E+03  7.880973E-09  5.276223E-09
   1.226200E+03  1.043957E-08  6.047720E-09
   1.229800E+03  6.872369E-09  4.978789E-09
   1.233400E+03  7.208570E-09  5.079871E-09
   1.237000E+03  5.806927E-09  4.956343E-09
   1.240600E+03  8.627549E-09  5.665307E-09
   1.244200E+03  7.618946E-09  5.389405E-09
   1.247800E+03  1.193272E-08  6.714782E-09
   1.251400E+03  8.160334E-09  5.628734E-09
   1.255000E+03  9.374125E-09  6.029325E-09
   1.258600E+03  8.701723E-09  5.858289E-09
   1.262200E+03  9.243112E-09  6.079176E-09
   1.265800E+03  8.889576E-09  5.557741E-09
   1.269400E+03  7.413758E-09  5.236926E-09
   1.273000E+03  9.784500E-09  6.292309E-09
   1.276600E+03  7.880973E-09  5.276223E-09
   1.280200E+03  1.017754E-08  6.146725E-09
   1.283800E+03  9.094763E-09  5.701641E-09
   1.287400E+03  6.536168E-09  4.875608E-09
   1.291000E+03  6.593008E-09  4.576476E-09
   1.294600E+03  4.239600E-09  3.718333E-09
   1.298200E+03  1.025171E-08  6.325033E-09
   1.301800E+03  5.789592E-09  4.417469E-09
   1.305400E+03  6.946543E-09  5.197327E-09
   1.309000E+03  8.422361E-09  5.520458E-09
   1.312600E+03  1.017754E-08  6.146725E-09
   1.316200E+03  7.282745E-09  5.294238E-09
   1.319800E+03  9.636152E-09  5.928364E-09
   1.323400E+03  7.749959E-09  5.333114E-09
   1.327000E+03  8.627549E-09  5.665307E-09
   1.330600E+03  9.841340E-09  6.063472E-09
   1.334200E+03  8.832736E-09  5.806543E-09
   1.337800E+03  4.518962E-09  4.203612E-09
   1.341400E+03  5.248203E-09  4.108136E-09
   1.345000E+03  5.453391E-09  4.300834E-09
   1.348600E+03  4.649975E-09  4.131206E-09
   1.352200E+03  4.780989E-09  4.057508E-09
   1.355800E+03  7.003383E-09  4.917802E-09
   1.359400E+03  7.003383E-09  4.917802E-09
   1.363000E+03  8.086160E-09  5.427596E-09
   1.366600E+03  4.855163E-09  4.322879E-09
   1.370200E+03  8.348187E-09  5.315224E-09
   1.373800E+03  1.206373E-08  6.669677E-09
   1.377400E+03  5.920606E-09  4.348621E-09
   1.381000E+03  7.134396E-09  4.856050E-09
   1.384600E+03  5.994780E-09  4.597216E-09
   1.388200E+03  1.071893E-08  6.357584E-09
   1.391800E+03  7.282745E-09  5.294238E-09
   1.395400E+03  5.994780E-09  4.597216E-09
   1.399000E+03  8.627549E-09  5.665307E-09
   1.402600E+03  6.667182E-09  4.813316E-09
   1.406200E+03  8.291348E-09  5.574859E-09
   1.409800E+03  9.299951E-09  5.841997E-09
   1.413400E+03  5.789592E-09  4.417469E-09
   1.417000E+03  4.649975E-09  4.131206E-09
   1.420600E+03  7.955147E-09  5.482917E-09
   1.424200E+03  7.675785E-09  5.120375E-09
   1.427800E+03  4.108587E-09  3.798615E-09
   1.431400E+03  9.299951E-09  5.841997E-09
   1.435000E+03  6.405155E-09  4.937115E-09
   1.438600E+03  4.313774E-09  4.006235E-09
   1.442200E+03  7.880973E-09  5.276223E-09
   1.445800E+03  7.413758E-09  5.236926E-09
   1.449400E+03  5.191364E-09  4.438940E-09
   1.453000E+03  2.427582E-09  3.056844E-09
   1.456600E+03  6.068954E-09  4.833041E-09
   1.460200E+03  7.003383E-09  4.917802E-09
   1.463800E+03  9.168937E-09  5.893433E-09
   1.467400E+03  4.387949E-09  4.274791E-09
   1.471000E+03  4.855163E-09  4.322879E-09
   1.474600E+03  5.994780E-09  4.597216E-09
   1.478200E+03  7.824133E-09  5.537686E-09
   1.481800E+03  4.518962E-09  4.203612E-09
   1.485400E+03  8.759698E-06  1.436963E-07
   1.489000E+03  1.159652E-08  6.638667E-09
   1.492600E+03  4.575801E-09  3.852655E-09
   1.496200E+03  6.274141E-09  4.997863E-09
   1.499800E+03  4.986176E-09  4.252503E-09
   1.503400E+03  6.741356E-09  5.039037E-09
   1.507000E+03  5.117190E-09  4.180943E-09
   1.510600E+03  7.544771E-09  5.178979E-09
   1.514200E+03  7.675785E-09  5.120375E-09
   1.517800E+03  7.282745E-09  5.294238E-09
   1.521400E+03  9.505138E-09  5.979058E-09
   1.525000E+03  5.732753E-09  4.726674E-09
   1.528600E+03  7.413758E-09  5.236926E-09
   1.532200E+03  9.168937E-09  5.893433E-09
   1.535800E+03  5.527565E-09  4.552040E-09
   1.539400E+03  4.575801E-09  3.852655E-09
   1.543000E+03  5.789592E-09  4.417469E-09
   1.546600E+03  5.863766E-09  4.662395E-09
   1.550200E+03  5.117190E-09  4.180943E-09
   1.553800E+03  7.749959E-09  5.333114E-09
   1.557400E+03  6.641419E-08  1.285458E-08
   1.561000E+03  8.160334E-09  5.628734E-09
   1.564600E+03  3.977573E-09  3.877235E-09
   1.568200E+03  7.339584E-09  5.020112E-09
   1.571800E+03  4.239600E-09  3.718333E-09
   1.575400E+03  6.330981E-09  4.706508E-09
   1.579000E+03  7.339584E-09  5.020112E-09
   1.582600E+03  4.313774E-09  4.006235E-09
   1.586200E+03  3.099984E-09  3.373195E-09
   1.589800E+03  4.108587E-09  3.798615E-09
   1.593400E+03  5.117190E-09  4.180943E-09
   1.597000E+03  5.863766E-09  4.662395E-09
   1.600600E+03  5.060351E-09  4.506406E-09
   1.604200E+03  5.658579E-09  4.485259E-09
   1.607800E+03  4.387949E-09  4.274791E-09
   1.611400E+03  3.567198E-09  3.433952E-09
   1.615000E+03  6.684517E-09  5.312186E-09
   1.618600E+03  4.986176E-09  4.252503E-09
   1.622200E+03  7.151731E-09  5.350937E-09
   1.625800E+03  4.051747E-09  4.154139E-09
   1.629400E+03  3.567198E-09  3.433952E-09
   1.633000E+03  5.658579E-09  4.485259E-09
   1.636600E+03  5.601739E-09  4.790090E-09
   1.640200E+03  2.763783E-09  3.218910E-09
   1.643800E+03  7.077557E-09  5.138935E-09
   1.647400E+03  6.741356E-09  5.039037E-09
   1.651000E+03  2.222394E-09  2.779167E-09
   1.654600E+03  6.741356E-09  5.039037E-09
   1.658200E+03  3.903399E-09  3.578970E-09
   1.661800E+03  2.689608E-09  2.852620E-09
   1.665400E+03  5.117190E-09  4.180943E-09
   1.669000E+03  4.575801E-09  3.852655E-09
   1.672600E+03  5.937940E-09  4.895081E-09
   1.676200E+03  4.649975E-09  4.131206E-09
   1.679800E+03  2.091380E-09  2.885686E-09
   1.683400E+03  4.780989E-09  4.057508E-09
   1.687000E+03  4.649975E-09  4.131206E-09
   1.690600E+03  5.732753E-09  4.726674E-09
   1.694200E+03  3.772386E-09  3.662307E-09
   1.697800E+03  5.920606E-09  4.348621E-09
   1.701400E+03  3.772386E-09  3.662307E-09
   1.705000E+03  8.086160E-09  5.427596E-09
   1.708600E+03  4.313774E-09  4.006235E-09
   1.712200E+03  3.362011E-09  3.189286E-09
   1.715800E+03  3.641372E-09  3.743789E-09
   1.719400E+03  5.453391E-09  4.300834E-09
   1.723000E+03  5.453391E-09  4.300834E-09
   1.726600E+03  2.427582E-09  3.056844E-09
   1.730200E+03  3.772386E-09  3.662307E-09
   1.733800E+03  4.108587E-09  3.798615E-09
   1.737400E+03  4.986176E-09  4.252503E-09
   1.741000E+03  4.108587E-09  3.798615E-09
   1.744600E+03  3.230997E-09  3.282529E-09
   1.748200E+03  8.029321E-09  5.682098E-09
   1.751800E+03  4.518962E-09  4.203612E-09
   1.755400E+03  4.649975E-09  4.131206E-09
   1.759000E+03  2.763783E-09  3.218910E-09
   1.762600E+03  5.732753E-09  4.726674E-09
   1.766200E+03  4.986176E-09  4.252503E-09
   1.769800E+03  3.567198E-09  3.433952E-09
   1.773400E+03  2.222394E-09  2.779167E-09
   1.777000E+03  6.684517E-09  5.312186E-09
   1.780600E+03  5.658579E-09  4.485259E-09
   1.784200E+03  5.937940E-09  4.895081E-09
   1.787800E+03  3.230997E-09  3.282529E-09
   1.791400E+03  4.239600E-09  3.718333E-09
   1.795000E+03  4.649975E-09  4.131206E-09
   1.798600E+03  4.986176E-09  4.252503E-09
   1.802200E+03  5.248203E-09  4.108136E-09
   1.805800E+03  3.772386E-09  3.662307E-09
   1.809400E+03  2.763783E-09  3.218910E-09
   1.813000E+03  4.182761E-09  4.080858E-09
   1.816600E+03  4.855163E-09  4.322879E-09
   1.820200E+03  3.772386E-09  3.662307E-09
   1.823800E+03  3.977573E-09  3.877235E-09
   1.827400E+03  4.444788E-09  3.930196E-09
   1.831000E+03  5.191364E-09  4.438940E-09
   1.834600E+03  1.344804E-09  2.017157E-09
   1.838200E+03  1.344804E-09  2.017157E-09
   1.841800E+03  2.558595E-09  2.956496E-09
   1.845400E+03  5.322378E-09  4.370433E-09
   1.849000E+03  1.681005E-09  2.255236E-09
   1.852600E+03  2.894796E-09  3.123771E-09
   1.856200E+03  2.763783E-09  3.218910E-09
   1.859800E+03  2.894796E-09  3.123771E-09
   1.863400E+03  4.370614E-09  3.636279E-09
   1.867000E+03  5.134525E-09  4.746746E-09
   1.870600E+03  7.208570E-09  5.079871E-09
   1.874200E+03  2.763783E-09  3.218910E-09
   1.877800E+03  4.855163E-09  4.322879E-09
   1.881400E+03  6.199967E-09  4.770194E-09
   1.885000E+03  5.396552E-09  4.617855E-09
   1.888600E+03  1.886193E-09  2.589718E-09
   1.892200E+03  2.968970E-09  3.461486E-09
   1.895800E+03  3.641372E-09  3.743789E-09
   1.899400E+03  5.191364E-09  4.438940E-09
   1.903000E+03  3.436185E-09  3.520722E-09
   1.906600E+03  4.649975E-09  4.131206E-09
   1.910200E+03  5.732753E-09  4.726674E-09
   1.913800E+03  5.191364E-09  4.438940E-09
   1.917400E+03  4.108587E-09  3.798615E-09
   1.921000E+03  4.986176E-09  4.252503E-09
   1.924600E+03  5.789592E-09  4.417469E-09
   1.928200E+03  3.025810E-09  3.025641E-09
   1.931800E+03  5.117190E-09  4.180943E-09
   1.935400E+03  2.353407E-09  2.668398E-09
   1.939000E+03  5.658579E-09  4.485259E-09
   1.942600E+03  3.641372E-09  3.743789E-09
   1.946200E+03  4.724150E-09  4.392127E-09
   1.949800E+03  3.099984E-09  3.373195E-09
   1.953400E+03  1.549992E-09  2.385265E-09
   1.957000E+03  3.772386E-09  3.662307E-09
   1.960600E+03  2.427582E-09  3.056844E-09
   1.964200E+03  3.772386E-09  3.662307E-09
   1.967800E+03  3.230997E-09  3.282529E-09
   1.971400E+03  4.593136E-09  4.460299E-09
   1.975000E+03  3.641372E-09  3.743789E-09
   1.978600E+03  3.025810E-09  3.025641E-09
   1.982200E+03  2.894796E-09  3.123771E-09
   1.985800E+03  1.344804E-09  2.017157E-09
   1.989400E+03  3.567198E-09  3.433952E-09
   1.993000E+03  1.886193E-09  2.589718E-09
   1.996600E+03  4.444788E-09  3.930196E-09
   2.000200E+03  4.387949E-09  4.274791E-09
   2.003800E+03  4.912002E-09  3.982446E-09
   2.007400E+03  2.222394E-09  2.779167E-09
   2.011000E+03  5.994780E-09  4.597216E-09
   2.014600E+03  5.191364E-09  4.438940E-09
   2.018200E+03  4.313774E-09  4.006235E-09
   2.021800E+03  5.191364E-09  4.438940E-09
   2.025400E+03  4.256935E-09  4.344804E-09
   2.029000E+03  3.099984E-09  3.373195E-09
   2.032600E+03  2.091380E-09  2.885686E-09
   2.036200E+03  3.510359E-09  3.823534E-09
   2.039800E+03  3.772386E-09  3.662307E-09
   2.043400E+03  3.099984E-09  3.373195E-09
   2.047000E+03  3.305171E-09  3.605403E-09
   2.050600E+03  4.986176E-09  4.252503E-09
   2.054200E+03  2.222394E-09  2.779167E-09
   2.057800E+03  5.191364E-09  4.438940E-09
   2.061400E+03  3.698212E-09  3.344931E-09
   2.065000E+03  3.641372E-09  3.743789E-09
   2.068600E+03  2.427582E-09  3.056844E-09
   2.072200E+03  4.649975E-09  4.131206E-09
   2.075800E+03  3.362011E-09  3.189286E-09
   2.079400E+03  3.025810E-09  3.025641E-09
   2.083000E+03  2.558595E-09  2.956496E-09
   2.086600E+03  2.558595E-09  2.956496E-09
   2.090200E+03  1.213791E-09  2.161553E-09
   2.093800E+03  1.000000E-35  1.000000E-35
   2.097400E+03  2.558595E-09  2.956496E-09
   2.101000E+03  2.894796E-09  3.123771E-09
   2.104600E+03  3.025810E-09  3.025641E-09
   2.108200E+03  3.641372E-09  3.743789E-09
   2.111800E+03  2.763783E-09  3.218910E-09
   2.115400E+03  2.894796E-09  3.123771E-09
   2.119000E+03  3.099984E-09  3.373195E-09
   2.122600E+03  2.427582E-09  3.056844E-09
   2.126200E+03  3.436185E-09  3.520722E-09
   2.129800E+03  2.091380E-09  2.885686E-09
   2.133400E+03  3.025810E-09  3.025641E-09
   2.137000E+03  2.763783E-09  3.218910E-09
   2.140600E+03  3.977573E-09  3.877235E-09
   2.144200E+03  1.418978E-09  2.508563E-09
   2.147800E+03  3.436185E-09  3.520722E-09
   2.151400E+03  4.108587E-09  3.798615E-09
   2.155000E+03  2.222394E-09  2.779167E-09
   2.158600E+03  5.527565E-09  4.552040E-09
   2.162200E+03  5.322378E-09  4.370433E-09
   2.165800E+03  2.091380E-09  2.885686E-09
   2.169400E+03  3.174158E-09  3.688141E-09
   2.173000E+03  3.230997E-09  3.282529E-09
   2.176600E+03  1.549992E-09  2.385265E-09
   2.180200E+03  1.886193E-09  2.589718E-09
   2.183800E+03  2.763783E-09  3.218910E-09
   2.187400E+03  2.558595E-09  2.956496E-09
   2.191000E+03  4.313774E-09  4.006235E-09
   2.194600E+03  5.396552E-09  4.617855E-09
   2.198200E+03  2.763783E-09  3.218910E-09
   2.201800E+03  2.558595E-09  2.956496E-09
   2.205400E+03  3.977573E-09  3.877235E-09
   2.209000E+03  1.549992E-09  2.385265E-09
   2.212600E+03  1.213791E-09  2.161553E-09
   2.216200E+03  2.689608E-09  2.852620E-09
   2.219800E+03  3.641372E-09  3.743789E-09
   2.223400E+03  2.222394E-09  2.779167E-09
   2.227000E+03  1.344804E-09  2.017157E-09
   2.230600E+03  3.772386E-09  3.662307E-09
   2.234200E+03  2.968970E-09  3.461486E-09
   2.237800E+03  3.772386E-09  3.662307E-09
   2.241400E+03  2.558595E-09  2.956496E-09
   2.245000E+03  2.427582E-09  3.056844E-09
   2.248600E+03  2.894796E-09  3.123771E-09
   2.252200E+03  4.182761E-09  4.080858E-09
   2.255800E+03  1.213791E-09  2.161553E-09
   2.259400E+03  3.903399E-09  3.578970E-09
   2.263000E+03  1.549992E-09  2.385265E-09
   2.266600E+03  2.558595E-09  2.956496E-09
   2.270200E+03  3.362011E-09  3.189286E-09
   2.273800E+03  1.213791E-09  2.161553E-09
   2.277400E+03  3.099984E-09  3.373195E-09
   2.281000E+03  2.222394E-09  2.779167E-09
   2.284600E+03  3.641372E-09  3.743789E-09
   2.288200E+03  1.344804E-09  2.017157E-09
   2.291800E+03  2.353407E-09  2.668398E-09
   2.295400E+03  4.780989E-09  4.057508E-09
   2.299000E+03  6.405155E-09  4.937115E-09
   2.302600E+03  1.755179E-09  2.703710E-09
   2.306200E+03  2.632769E-09  3.311316E-09
   2.309800E+03  2.763783E-09  3.218910E-09
   2.313400E+03  2.091380E-09  2.885686E-09
   2.317000E+03  3.772386E-09  3.662307E-09
   2.320600E+03  3.025810E-09  3.025641E-09
   2.324200E+03  2.427582E-09  3.056844E-09
   2.327800E+03  3.436185E-09  3.520722E-09
   2.331400E+03  2.763783E-09  3.218910E-09
   2.335000E+03  2.894796E-09  3.123771E-09
   2.338600E+03  3.362011E-10  1.008597E-09
   2.342200E+03  3.099984E-09  3.373195E-09
   2.345800E+03  3.099984E-09  3.373195E-09
   2.349400E+03  1.008603E-09  1.746920E-09
   2.353000E+03  1.344804E-09  2.017157E-09
   2.356600E+03  2.427582E-09  3.056844E-09
   2.360200E+03  2.091380E-09  2.885686E-09
   2.363800E+03  3.436185E-09  3.520722E-09
   2.367400E+03  2.558595E-09  2.956496E-09
   2.371000E+03  2.558595E-09  2.956496E-09
   2.374600E+03  3.567198E-09  3.433952E-09
   2.378200E+03  2.222394E-09  2.779167E-09
   2.381800E+03  1.549992E-09  2.385265E-09
   2.385400E+03  8.775897E-10  1.911834E-09
   2.389000E+03  3.903399E-09  3.578970E-09
   2.392600E+03  1.344804E-09  2.017157E-09
   2.396200E+03  3.362011E-10  1.008597E-09
   2.399800E+03  1.681005E-09  2.255236E-09
   2.403400E+03  1.344804E-09  2.017157E-09
   2.407000E+03  2.222394E-09  2.779167E-09
   2.410600E+03  1.549992E-09  2.385265E-09
   2.414200E+03  1.681005E-09  2.255236E-09
   2.417800E+03  1.213791E-09  2.161553E-09
   2.421400E+03  2.427582E-09  3.056844E-09
   2.425000E+03  1.344804E-09  2.017157E-09
   2.428600E+03  2.017206E-09  2.470472E-09
   2.432200E+03  2.017206E-09  2.470472E-09
   2.435800E+03  4.649975E-09  4.131206E-09
   2.439400E+03  2.558595E-09  2.956496E-09
   2.443000E+03  3.362011E-09  3.189286E-09
   2.446600E+03  2.558595E-09  2.956496E-09
   2.450200E+03  1.886193E-09  2.589718E-09
   2.453800E+03  2.689608E-09  2.852620E-09
   2.457400E+03  2.222394E-09  2.779167E-09
   2.461000E+03  1.886193E-09  2.589718E-09
   2.464600E+03  2.689608E-09  2.852620E-09
   2.468200E+03  2.017206E-09  2.470472E-09
   2.471800E+03  1.344804E-09  2.017157E-09
   2.475400E+03  2.353407E-09  2.668398E-09
   2.479000E+03  3.305171E-09  3.605403E-09
   2.482600E+03  2.091380E-09  2.885686E-09
   2.486200E+03  1.549992E-09  2.385265E-09
   2.489800E+03  3.305171E-09  3.605403E-09
   2.493400E+03  1.886193E-09  2.589718E-09
   2.497000E+03  2.427582E-09  3.056844E-09
   2.500600E+03  2.558595E-09  2.956496E-09
   2.504200E+03  2.763783E-09  3.218910E-09
   2.507800E+03  1.755179E-09  2.703710E-09
   2.511400E+03  3.436185E-09  3.520722E-09
   2.515000E+03  2.763783E-09  3.218910E-09
   2.518600E+03  2.763783E-09  3.218910E-09
   2.522200E+03  6.724021E-10  1.426363E-09
   2.525800E+03  2.689608E-09  2.852620E-09
   2.529400E+03  2.558595E-09  2.956496E-09
   2.533000E+03  1.008603E-09  1.746920E-09
   2.536600E+03  1.549992E-09  2.385265E-09
   2.540200E+03  4.855163E-09  4.322879E-09
   2.543800E+03  2.222394E-09  2.779167E-09
   2.547400E+03  2.427582E-09  3.056844E-09
   2.551000E+03  3.362011E-10  1.008597E-09
   2.554600E+03  3.305171E-09  3.605403E-09
   2.558200E+03  1.418978E-09  2.508563E-09
   2.561800E+03  2.427582E-09  3.056844E-09
   2.565400E+03  1.008603E-09  1.746920E-09
   2.569000E+03  5.413886E-10  1.624156E-09
   2.572600E+03  2.558595E-09  2.956496E-09
   2.576200E+03  2.222394E-09  2.779167E-09
   2.579800E+03  1.549992E-09  2.385265E-09
   2.583400E+03  1.681005E-09  2.255236E-09
   2.587000E+03  1.008603E-09  1.746920E-09
   2.590600E+03  6.724021E-10  1.426363E-09
   2.594200E+03  1.681005E-09  2.255236E-09
   2.597800E+03  2.427582E-09  3.056844E-09
   2.601400E+03  2.894796E-09  3.123771E-09
   2.605000E+03  2.091380E-09  2.885686E-09
   2.608600E+03  1.681005E-09  2.255236E-09
   2.612200E+03  1.082777E-09  2.296889E-09
   2.615800E+03  1.681005E-09  2.255236E-09
   2.619400E+03  2.017206E-09  2.470472E-09
   2.623000E+03  6.724021E-10  1.426363E-09
   2.626600E+03  1.886193E-09  2.589718E-09
   2.630200E+03  2.894796E-09  3.123771E-09
   2.633800E+03  3.025810E-09  3.025641E-09
   2.637400E+03  2.222394E-09  2.779167E-09
   2.641000E+03  1.008603E-09  1.746920E-09
   2.644600E+03  1.681005E-09  2.255236E-09
   2.648200E+03  1.681005E-09  2.255236E-09
   2.651800E+03  2.017206E-09  2.470472E-09
   2.655400E+03  3.099984E-09  3.373195E-09
   2.659000E+03  1.755179E-09  2.703710E-09
   2.662600E+03  2.558595E-09  2.956496E-09
   2.666200E+03  3.772386E-09  3.662307E-09
   2.669800E+03  2.222394E-09  2.779167E-09
   2.673400E+03  6.724021E-10  1.426363E-09
   2.677000E+03  1.886193E-09  2.589718E-09
   2.680600E+03  2.017206E-09  2.470472E-09
   2.684200E+03  2.558595E-09  2.956496E-09
   2.687800E+03  8.775897E-10  1.911834E-09
   2.691400E+03  1.549992E-09  2.385265E-09
   2.695000E+03  2.296568E-09  3.154001E-09
   2.698600E+03  1.008603E-09  1.746920E-09
   2.702200E+03  1.008603E-09  1.746920E-09
   2.705800E+03  2.017206E-09  2.470472E-09
   2.709400E+03  1.681005E-09  2.255236E-09
   2.713000E+03  1.418978E-09  2.508563E-09
   2.716600E+03  2.091380E-09  2.885686E-09
   2.720200E+03  2.222394E-09  2.779167E-09
   2.723800E+03  4.370614E-09  3.636279E-09
   2.727400E+03  1.213791E-09  2.161553E-09
   2.731000E+03  2.894796E-09  3.123771E-09
   2.734600E+03  2.222394E-09  2.779167E-09
   2.738200E+03  1.755179E-09  2.703710E-09
   2.741800E+03  2.091380E-09  2.885686E-09
   2.745400E+03  6.724021E-10  1.426363E-09
   2.749000E+03  1.008603E-09  1.746920E-09
   2.752600E+03  1.213791E-09  2.161553E-09
   2.756200E+03  1.344804E-09  2.017157E-09
   2.759800E+03  6.724021E-10  1.426363E-09
   2.763400E+03  2.091380E-09  2.885686E-09
   2.767000E+03  1.886193E-09  2.589718E-09
   2.770600E+03  1.082777E-09  2.296889E-09
   2.774200E+03  1.681005E-09  2.255236E-09
   2.777800E+03  2.968970E-09  3.461486E-09
   2.781400E+03  5.413886E-10  1.624156E-09
   2.785000E+03  1.344804E-09  2.017157E-09
   2.788600E+03  1.344804E-09  2.017157E-09
   2.792200E+03  2.353407E-09  2.668398E-09
   2.795800E+03  2.222394E-09  2.779167E-09
   2.799400E+03  1.344804E-09  2.017157E-09
   2.803000E+03  2.222394E-09  2.779167E-09
   2.806600E+03  1.886193E-09  2.589718E-09
   2.810200E+03  6.724021E-10  1.426363E-09
   2.813800E+03  2.763783E-09  3.218910E-09
   2.817400E+03  6.724021E-10  1.426363E-09
   2.821000E+03  1.008603E-09  1.746920E-09
   2.824600E+03  2.091380E-09  2.885686E-09
   2.828200E+03  1.344804E-09  2.017157E-09
   2.831800E+03  1.549992E-09  2.385265E-09
   2.835400E+03  1.344804E-09  2.017157E-09
   2.839000E+03  6.724021E-10  1.426363E-09
   2.842600E+03  1.344804E-09  2.017157E-09
   2.846200E+03  1.008603E-09  1.746920E-09
   2.849800E+03  8.775897E-10  1.911834E-09
   2.853400E+03  1.549992E-09  2.385265E-09
   2.857000E+03  1.344804E-09  2.017157E-09
   2.860600E+03  1.008603E-09  1.746920E-09
   2.864200E+03  1.344804E-09  2.017157E-09
   2.867800E+03  1.213791E-09  2.161553E-09
   2.871400E+03  1.344804E-09  2.017157E-09
   2.875000E+03  1.886193E-09  2.589718E-09
   2.878600E+03  8.775897E-10  1.911834E-09
   2.882200E+03  1.008603E-09  1.746920E-09
   2.885800E+03  1.344804E-09  2.017157E-09
   2.889400E+03  6.724021E-10  1.426363E-09
   2.893000E+03  1.681005E-09  2.255236E-09
   2.896600E+03  2.222394E-09  2.779167E-09
   2.900200E+03  2.091380E-09  2.885686E-09
   2.903800E+03  1.886193E-09  2.589718E-09
   2.907400E+03  1.000000E-35  1.000000E-35
   2.911000E+03  1.008603E-09  1.746920E-09
   2.914600E+03  1.344804E-09  2.017157E-09
   2.918200E+03  2.763783E-09  3.218910E-09
   2.921800E+03  1.344804E-09  2.017157E-09
   2.925400E+03  1.344804E-09  2.017157E-09
   2.929000E+03  1.344804E-09  2.017157E-09
   2.932600E+03  1.549992E-09  2.385265E-09
   2.936200E+03  1.681005E-09  2.255236E-09
   2.939800E+03  1.344804E-09  2.017157E-09
   2.943400E+03  8.775897E-10  1.911834E-09
   2.947000E+03  1.213791E-09  2.161553E-09
   2.950600E+03  3.362011E-10  1.008597E-09
   2.954200E+03  1.000000E-35  1.000000E-35
   2.957800E+03  8.775897E-10  1.911834E-09
   2.961400E+03  1.008603E-09  1.746920E-09
   2.965000E+03  1.008603E-09  1.746920E-09
   2.968600E+03  1.344804E-09  2.017157E-09
   2.972200E+03  1.755179E-09  2.703710E-09
   2.975800E+03  3.362011E-10  1.008597E-09
   2.979400E+03  1.008603E-09  1.746920E-09
   2.983000E+03  1.213791E-09  2.161553E-09
   2.986600E+03  2.017206E-09  2.470472E-09
   2.990200E+03  6.724021E-10  1.426363E-09
   2.993800E+03  6.724021E-10  1.426363E-09
   2.997400E+03  1.213791E-09  2.161553E-09
   3.001000E+03  1.681005E-09  2.255236E-09
   3.004600E+03  1.344804E-09  2.017157E-09
   3.008200E+03  6.724021E-10  1.426363E-09
   3.011800E+03  1.755179E-09  2.703710E-09
   3.015400E+03  6.724021E-10  1.426363E-09
   3.019000E+03  2.296568E-09  3.154001E-09
   3.022600E+03  1.344804E-09  2.017157E-09
   3.026200E+03  6.724021E-10  1.426363E-09
   3.029800E+03  5.413886E-10  1.624156E-09
   3.033400E+03  1.008603E-09  1.746920E-09
   3.037000E+03  1.344804E-09  2.017157E-09
   3.040600E+03  1.213791E-09  2.161553E-09
   3.044200E+03  3.362011E-10  1.008597E-09
   3.047800E+03  1.008603E-09  1.746920E-09
   3.051400E+03  1.000000E-35  1.000000E-35
   3.055000E+03  6.724021E-10  1.426363E-09
   3.058600E+03  1.008603E-09  1.746920E-09
   3.062200E+03  6.724021E-10  1.426363E-09
   3.065800E+03  6.724021E-10  1.426363E-09
   3.069400E+03  3.362011E-10  1.008597E-09
   3.073000E+03  3.362011E-10  1.008597E-09
   3.076600E+03  1.886193E-09  2.589718E-09
   3.080200E+03  3.362011E-10  1.008597E-09
   3.083800E+03  1.008603E-09  1.746920E-09
   3.087400E+03  1.008603E-09  1.746920E-09
   3.091000E+03  1.008603E-09  1.746920E-09
   3.094600E+03  6.724021E-10  1.426363E-09
   3.098200E+03  1.008603E-09  1.746920E-09
   3.101800E+03  1.008603E-09  1.746920E-09
   3.105400E+03  1.008603E-09  1.746920E-09
   3.109000E+03  1.000000E-35  1.000000E-35
   3.112600E+03  3.362011E-10  1.008597E-09
   3.116200E+03  1.213791E-09  2.161553E-09
   3.119800E+03  1.344804E-09  2.017157E-09
   3.123400E+03  3.362011E-10  1.008597E-09
   3.127000E+03  1.008603E-09  1.746920E-09
   3.130600E+03  1.008603E-09  1.746920E-09
   3.134200E+03  6.724021E-10  1.426363E-09
   3.137800E+03  1.681005E-09  2.255236E-09
   3.141400E+03  3.362011E-10  1.008597E-09
   3.145000E+03  1.344804E-09  2.017157E-09
   3.148600E+03  8.775897E-10  1.911834E-09
   3.152200E+03  1.344804E-09  2.017157E-09
   3.155800E+03  3.362011E-10  1.008597E-09
   3.159400E+03  1.008603E-09  1.746920E-09
   3.163000E+03  1.008603E-09  1.746920E-09
   3.166600E+03  3.362011E-10  1.008597E-09
   3.170200E+03  3.362011E-10  1.008597E-09
   3.173800E+03  6.724021E-10  1.426363E-09
   3.177400E+03  1.008603E-09  1.746920E-09
   3.181000E+03  6.724021E-10  1.426363E-09
   3.184600E+03  1.008603E-09  1.746920E-09
   3.188200E+03  6.724021E-10  1.426363E-09
   3.191800E+03  6.724021E-10  1.426363E-09
   3.195400E+03  1.008603E-09  1.746920E-09
   3.199000E+03  6.724021E-10  1.426363E-09
   3.202600E+03  3.362011E-10  1.008597E-09
   3.206200E+03  1.008603E-09  1.746920E-09
   3.209800E+03  6.724021E-10  1.426363E-09
   3.213400E+03  1.008603E-09  1.746920E-09
   3.217000E+03  6.724021E-10  1.426363E-09
   3.220600E+03  1.344804E-09  2.017157E-09
   3.224200E+03  6.724021E-10  1.426363E-09
   3.227800E+03  1.000000E-35  1.000000E-35
   3.231400E+03  1.886193E-09  2.589718E-09
   3.235000E+03  1.344804E-09  2.017157E-09
   3.238600E+03  3.362011E-10  1.008597E-09
   3.242200E+03  6.724021E-10  1.426363E-09
   3.245800E+03  1.344804E-09  2.017157E-09
   3.249400E+03  1.000000E-35  1.000000E-35
   3.253000E+03  6.724021E-10  1.426363E-09
   3.256600E+03  3.362011E-10  1.008597E-09
   3.260200E+03  1.008603E-09  1.746920E-09
   3.263800E+03  6.724021E-10  1.426363E-09
   3.267400E+03  1.344804E-09  2.017157E-09
   3.271000E+03  1.344804E-09  2.017157E-09
   3.274600E+03  1.008603E-09  1.746920E-09
   3.278200E+03  1.344804E-09  2.017157E-09
   3.281800E+03  1.549992E-09  2.385265E-09
   3.285400E+03  3.362011E-10  1.008597E-09
   3.289000E+03  6.724021E-10  1.426363E-09
   3.292600E+03  1.000000E-35  1.000000E-35
   3.296200E+03  1.213791E-09  2.161553E-09
   3.299800E+03  1.008603E-09  1.746920E-09
   3.303400E+03  1.344804E-09  2.017157E-09
   3.307000E+03  1.008603E-09  1.746920E-09
   3.310600E+03  6.724021E-10  1.426363E-09
   3.314200E+03  1.008603E-09  1.746920E-09
   3.317800E+03  8.775897E-10  1.911834E-09
   3.321400E+03  6.724021E-10  1.426363E-09
   3.325000E+03  6.724021E-10  1.426363E-09
   3.328600E+03  2.017206E-09  2.470472E-09
   3.332200E+03  6.724021E-10  1.426363E-09
   3.335800E+03  2.017206E-09  2.470472E-09
   3.339400E+03  1.000000E-35  1.000000E-35
   3.343000E+03  6.724021E-10  1.426363E-09
   3.346600E+03  3.362011E-10  1.008597E-09
   3.350200E+03  1.000000E-35  1.000000E-35
   3.353800E+03  6.724021E-10  1.426363E-09
   3.357400E+03  3.362011E-10  1.008597E-09
   3.361000E+03  3.362011E-10  1.008597E-09
   3.364600E+03  1.549992E-09  2.385265E-09
   3.368200E+03  6.724021E-10  1.426363E-09
   3.371800E+03  3.362011E-10  1.008597E-09
   3.375400E+03  3.362011E-10  1.008597E-09
   3.379000E+03  3.362011E-10  1.008597E-09
   3.382600E+03  1.000000E-35  1.000000E-35
   3.386200E+03  1.008603E-09  1.746920E-09
   3.389800E+03  1.000000E-35  1.000000E-35
   3.393400E+03  1.000000E-35  1.000000E-35
   3.397000E+03  1.000000E-35  1.000000E-35
   3.400600E+03  3.362011E-10  1.008597E-09
   3.404200E+03  3.362011E-10  1.008597E-09
   3.407800E+03  1.008603E-09  1.746920E-09
   3.411400E+03  1.000000E-35  1.000000E-35
   3.415000E+03  8.775897E-10  1.911834E-09
   3.418600E+03  3.362011E-10  1.008597E-09
   3.422200E+03  3.362011E-10  1.008597E-09
   3.425800E+03  1.000000E-35  1.000000E-35
   3.429400E+03  3.362011E-10  1.008597E-09
   3.433000E+03  1.008603E-09  1.746920E-09
   3.436600E+03  1.000000E-35  1.000000E-35
   3.440200E+03  6.724021E-10  1.426363E-09
   3.443800E+03  1.000000E-35  1.000000E-35
   3.447400E+03  6.724021E-10  1.426363E-09
   3.451000E+03  1.000000E-35  1.000000E-35
   3.454600E+03  3.362011E-10  1.008597E-09
   3.458200E+03  6.724021E-10  1.426363E-09
   3.461800E+03  3.362011E-10  1.008597E-09
   3.465400E+03  1.000000E-35  1.000000E-35
   3.469000E+03  3.362011E-10  1.008597E-09
   3.472600E+03  1.000000E-35  1.000000E-35
   3.476200E+03  3.362011E-10  1.008597E-09
   3.479800E+03  1.000000E-35  1.000000E-35
   3.483400E+03  3.362011E-10  1.008597E-09
   3.487000E+03  1.008603E-09  1.746920E-09
   3.490600E+03  1.000000E-35  1.000000E-35
   3.494200E+03  1.008603E-09  1.746920E-09
   3.497800E+03  3.362011E-10  1.008597E-09
   3.501400E+03  1.008603E-09  1.746920E-09
   3.505000E+03  1.000000E-35  1.000000E-35
   3.508600E+03  1.000000E-35  1.000000E-35
   3.512200E+03  1.344804E-09  2.017157E-09
   3.515800E+03  3.362011E-10  1.008597E-09
   3.519400E+03  3.362011E-10  1.008597E-09
   3.523000E+03  6.724021E-10  1.426363E-09
   3.526600E+03  1.008603E-09  1.746920E-09
   3.530200E+03  3.362011E-10  1.008597E-09
   3.533800E+03  1.000000E-35  1.000000E-35
   3.537400E+03  3.362011E-10  1.008597E-09
   3.541000E+03  1.681005E-09  2.255236E-09
   3.544600E+03  6.724021E-10  1.426363E-09
   3.548200E+03  1.000000E-35  1.000000E-35
   3.551800E+03  1.000000E-35  1.000000E-35
   3.555400E+03  3.362011E-10  1.008597E-09
   3.559000E+03  1.000000E-35  1.000000E-35
   3.562600E+03  1.008603E-09  1.746920E-09
   3.566200E+03  6.724021E-10  1.426363E-09
   3.569800E+03  3.362011E-10  1.008597E-09
   3.573400E+03  6.724021E-10  1.426363E-09
   3.577000E+03  1.008603E-09  1.746920E-09
   3.580600E+03  1.344804E-09  2.017157E-09
   3.584200E+03  3.362011E-10  1.008597E-09
   3.587800E+03  3.362011E-10  1.008597E-09
   3.591400E+03  1.000000E-35  1.000000E-35
   3.595000E+03  3.362011E-10  1.008597E-09
   3.598600E+03  3.362011E-10  1.008597E-09
   3.602200E+03  1.000000E-35  1.000000E-35
   3.605800E+03  1.344804E-09  2.017157E-09
   3.609400E+03  1.549992E-09  2.385265E-09
   3.613000E+03  6.724021E-10  1.426363E-09
   3.616600E+03  1.008603E-09  1.746920E-09
   3.620200E+03  3.362011E-10  1.008597E-09
   3.623800E+03  6.724021E-10  1.426363E-09
   3.627400E+03  3.362011E-10  1.008597E-09
   3.631000E+03  6.724021E-10  1.426363E-09
   3.634600E+03  3.362011E-10  1.008597E-09
   3.638200E+03  3.362011E-10  1.008597E-09
   3.641800E+03  6.724021E-10  1.426363E-09
   3.645400E+03  3.362011E-10  1.008597E-09
   3.649000E+03  6.724021E-10  1.426363E-09
   3.652600E+03  3.362011E-10  1.008597E-09
   3.656200E+03  3.362011E-10  1.008597E-09
   3.659800E+03  1.008603E-09  1.746920E-09
   3.663400E+03  1.000000E-35  1.000000E-35
   3.667000E+03  6.724021E-10  1.426363E-09
   3.670600E+03  6.724021E-10  1.426363E-09
   3.674200E+03  3.362011E-10  1.008597E-09
   3.677800E+03  6.724021E-10  1.426363E-09
   3.681400E+03  3.362011E-10  1.008597E-09
   3.685000E+03  6.724021E-10  1.426363E-09
   3.688600E+03  3.362011E-10  1.008597E-09
   3.692200E+03  1.000000E-35  1.000000E-35
   3.695800E+03  6.724021E-10  1.426363E-09
   3.699400E+03  3.362011E-10  1.008597E-09
   3.703000E+03  6.724021E-10  1.426363E-09
   3.706600E+03  6.724021E-10  1.426363E-09
   3.710200E+03  3.362011E-10  1.008597E-09
   3.713800E+03  1.000000E-35  1.000000E-35
   3.717400E+03  1.000000E-35  1.000000E-35
   3.721000E+03  6.724021E-10  1.426363E-09
   3.724600E+03  3.362011E-10  1.008597E-09
   3.728200E+03  3.362011E-10  1.008597E-09
   3.731800E+03  3.362011E-10  1.008597E-09
   3.735400E+03  3.362011E-10  1.008597E-09
   3.739000E+03  1.000000E-35  1.000000E-35
   3.742600E+03  1.000000E-35  1.000000E-35
   3.746200E+03  1.000000E-35  1.000000E-35
   3.749800E+03  1.008603E-09  1.746920E-09
   3.753400E+03  1.000000E-35  1.000000E-35
   3.757000E+03  3.362011E-10  1.008597E-09
   3.760600E+03  3.362011E-10  1.008597E-09
   3.764200E+03  6.724021E-10  1.426363E-09
   3.767800E+03  3.362011E-10  1.008597E-09
   3.771400E+03  3.362011E-10  1.008597E-09
   3.775000E+03  1.000000E-35  1.000000E-35
   3.778600E+03  3.362011E-10  1.008597E-09
   3.782200E+03  1.000000E-35  1.000000E-35
   3.785800E+03  1.000000E-35  1.000000E-35
   3.789400E+03  1.000000E-35  1.000000E-35
   3.793000E+03  3.362011E-10  1.008597E-09
   3.796600E+03  1.000000E-35  1.000000E-35
   3.800200E+03  3.362011E-10  1.008597E-09
   3.803800E+03  1.000000E-35  1.000000E-35
   3.807400E+03  1.000000E-35  1.000000E-35
   3.811000E+03  3.362011E-10  1.008597E-09
   3.814600E+03  1.000000E-35  1.000000E-35
   3.818200E+03  1.000000E-35  1.000000E-35
   3.821800E+03  3.362011E-10  1.008597E-09
   3.825400E+03  6.724021E-10  1.426363E-09
   3.829000E+03  3.362011E-10  1.008597E-09
   3.832600E+03  1.000000E-35  1.000000E-35
   3.836200E+03  1.000000E-35  1.000000E-35
   3.839800E+03  1.008603E-09  1.746920E-09
   3.843400E+03  1.000000E-35  1.000000E-35
   3.847000E+03  1.000000E-35  1.000000E-35
   3.850600E+03  1.000000E-35  1.000000E-35
   3.854200E+03  6.724021E-10  1.426363E-09
   3.857800E+03  3.362011E-10  1.008597E-09
   3.861400E+03  3.362011E-10  1.008597E-09
   3.865000E+03  1.000000E-35  1.000000E-35
   3.868600E+03  6.724021E-10  1.426363E-09
   3.872200E+03  1.000000E-35  1.000000E-35
   3.875800E+03  1.000000E-35  1.000000E-35
   3.879400E+03  3.362011E-10  1.008597E-09
   3.883000E+03  1.008603E-09  1.746920E-09
   3.886600E+03  1.000000E-35  1.000000E-35
   3.890200E+03  1.000000E-35  1.000000E-35
   3.893800E+03  1.000000E-35  1.000000E-35
   3.897400E+03  1.000000E-35  1.000000E-35
   3.901000E+03  1.000000E-35  1.000000E-35
   3.904600E+03  1.000000E-35  1.000000E-35
   3.908200E+03  1.000000E-35  1.000000E-35
   3.911800E+03  3.362011E-10  1.008597E-09
   3.915400E+03  1.000000E-35  1.000000E-35
   3.919000E+03  3.362011E-10  1.008597E-09
   3.922600E+03  1.000000E-35  1.000000E-35
   3.926200E+03  1.000000E-35  1.000000E-35
   3.929800E+03  1.000000E-35  1.000000E-35
   3.933400E+03  1.000000E-35  1.000000E-35
   3.937000E+03  1.000000E-35  1.000000E-35
   3.940600E+03  3.362011E-10  1.008597E-09
   3.944200E+03  3.362011E-10  1.008597E-09
   3.947800E+03  6.724021E-10  1.426363E-09
   3.951400E+03  1.000000E-35  1.000000E-35
   3.955000E+03  1.000000E-35  1.000000E-35
   3.958600E+03  1.000000E-35  1.000000E-35
   3.962200E+03  1.000000E-35  1.000000E-35
   3.965800E+03  1.000000E-35  1.000000E-35
   3.969400E+03  1.000000E-35  1.000000E-35
   3.973000E+03  3.362011E-10  1.008597E-09
   3.976600E+03  1.000000E-35  1.000000E-35
   3.980200E+03  3.362011E-10  1.008597E-09
   3.983800E+03  1.000000E-35  1.000000E-35
   3.987400E+03  1.000000E-35  1.000000E-35
   3.991000E+03  1.000000E-35  1.000000E-35
   3.994600E+03  1.000000E-35  1.000000E-35
   3.998200E+03  1.000000E-35  1.000000E-35
